308 308 308 308 308 308 308 308 308 308 308 308 308 308 308 308 308 308 308 308 308 308 308 308 308 308 308 308 308 308 308 308 308 308 308 308 308 308 308 308 308 308 308 308 308 308 308 308 308 308 308 308 308 308 308 308 308 308 308 308 308 308 308 308 308 308 308 308 308 308 308 308 308 308 308 308 308 308 308 308 308 308 308 308 308 308 308 308 308 308 308 308 308 308 308 308 308 308 308 308 308 308 308 308 308 308 308 308 308 308 308 308 308 308 308 308 308 308 308 308 308 308 308 308 308 308 308 308 308 308 308 308 308 308 308 308 308 308 308 308 
308 308 308 308 308 308 308 308 308 308 308 308 308 308 308 308 308 308 308 308 308 308 308 308 308 308 308 308 308 308 308 308 308 308 308 308 308 308 308 308 308 308 308 308 308 308 308 308 308 308 308 308 308 308 308 308 308 308 308 308 308 308 308 308 308 308 308 308 308 308 308 308 308 308 308 308 308 308 308 308 308 308 308 308 308 308 308 308 308 308 308 308 308 308 308 308 308 308 308 308 308 308 308 308 308 308 308 308 308 308 308 308 308 308 308 308 308 308 308 308 308 308 308 308 308 308 308 308 308 308 308 308 308 308 308 308 308 308 308 308 
308 308 308 308 308 308 308 308 308 308 308 308 308 308 308 308 308 308 308 308 308 308 308 308 308 308 308 308 308 308 308 308 308 308 308 308 308 308 308 308 308 308 308 308 308 308 308 308 308 308 308 308 308 308 308 308 308 308 308 308 308 308 308 308 308 308 308 308 308 308 308 308 308 308 308 308 308 308 308 308 308 308 308 308 308 308 308 308 308 308 308 308 308 308 308 308 308 308 308 308 308 308 308 308 308 308 308 308 308 308 308 308 308 308 308 308 308 308 308 308 308 308 308 308 308 308 308 308 308 308 308 308 308 308 308 308 308 308 308 308 
308 308 308 308 308 308 308 308 308 308 308 308 308 308 308 308 308 308 308 308 308 308 308 308 308 308 308 308 308 308 308 308 308 308 308 308 308 308 308 308 308 308 308 308 308 308 308 308 308 308 308 308 308 308 308 308 308 308 308 308 308 308 308 308 308 308 308 308 308 308 308 308 308 308 308 308 308 308 308 308 308 308 308 308 308 308 308 308 308 308 308 308 308 308 308 308 308 308 308 308 308 308 308 308 308 308 308 308 308 308 308 308 308 308 308 308 308 308 308 308 308 308 308 308 308 308 308 308 308 308 308 308 308 308 308 308 308 308 308 308 
308 308 308 308 308 308 308 308 308 308 308 308 308 308 308 308 308 308 308 308 308 308 308 308 308 308 308 308 308 308 308 308 308 308 308 308 308 308 308 308 308 308 308 308 308 308 308 308 308 308 308 308 308 308 308 308 308 308 308 308 308 308 308 308 308 308 308 308 308 308 308 308 308 308 308 308 308 308 308 308 308 308 308 308 308 308 308 308 308 308 308 308 308 308 308 308 308 308 308 308 308 308 308 308 308 308 308 308 308 308 308 308 308 308 308 308 308 308 308 308 308 308 308 308 308 308 308 308 308 308 308 308 308 308 308 308 308 308 308 308 
308 308 308 308 308 308 308 308 308 308 308 308 308 308 308 308 308 308 308 308 308 308 308 308 308 308 308 308 308 308 308 308 308 308 308 308 308 308 308 308 308 308 308 308 308 308 308 308 308 308 308 308 308 308 308 308 308 308 308 308 308 308 308 308 308 308 308 308 308 308 308 308 308 308 308 308 308 308 308 308 308 308 308 308 308 308 308 308 308 308 308 308 308 308 308 308 308 308 308 308 308 308 308 308 308 308 308 308 308 308 308 308 308 308 308 308 308 308 308 308 308 308 308 308 308 308 308 308 308 308 308 308 308 308 308 308 308 308 308 308 
308 308 308 308 308 308 308 308 308 308 308 308 308 308 308 308 308 308 308 308 308 308 308 308 308 308 308 308 308 308 308 308 308 308 308 308 308 308 308 308 308 308 308 308 308 308 308 308 308 308 308 308 308 308 308 308 308 308 308 308 308 308 308 308 308 308 308 308 308 308 308 308 308 308 308 308 308 308 308 308 308 308 308 308 308 308 308 308 308 308 308 308 308 308 308 308 308 308 308 308 308 308 308 308 308 308 308 308 308 308 308 308 308 308 308 308 308 308 308 308 308 308 308 308 308 308 308 308 308 308 308 308 308 308 308 308 308 308 308 308 
308 308 308 308 308 308 308 308 308 308 308 308 308 308 308 308 308 308 308 308 308 308 308 308 308 308 308 308 308 308 308 308 308 308 308 308 308 308 308 308 308 308 308 308 308 308 308 308 308 308 308 308 308 308 308 308 308 308 308 308 308 308 308 308 308 308 308 308 308 308 308 308 308 308 308 308 308 308 308 308 308 308 308 308 308 308 308 308 308 308 308 308 308 308 308 308 308 308 308 308 308 308 308 308 308 308 308 308 308 308 308 308 308 308 308 308 308 308 308 308 308 308 308 308 308 308 308 308 308 308 308 308 308 308 308 308 308 308 308 308 
308 308 308 308 308 308 308 308 308 308 308 308 308 308 308 308 308 308 308 308 308 308 308 308 308 308 308 308 308 308 308 308 308 308 308 308 308 308 308 308 308 308 308 308 308 308 308 308 308 308 308 308 308 308 308 308 308 308 308 308 308 308 308 308 308 308 308 308 308 308 308 308 308 308 308 308 308 308 308 308 308 308 308 308 308 308 308 308 308 308 308 308 308 308 308 308 308 308 308 308 308 308 308 308 308 308 308 308 308 308 308 308 308 308 308 308 308 308 308 308 308 308 308 308 308 308 308 308 308 308 308 308 308 308 308 308 308 308 308 308 
308 308 308 308 308 308 308 308 308 308 308 308 308 308 308 308 308 308 308 308 308 308 308 308 308 308 308 308 308 308 308 308 308 308 308 308 308 308 308 308 308 308 308 308 308 308 308 308 308 308 308 308 308 308 308 308 308 308 308 308 308 308 308 308 308 308 308 308 308 308 308 308 308 308 308 308 308 308 308 308 308 308 308 308 308 308 308 308 308 308 308 308 308 308 308 308 308 308 308 308 308 308 308 308 308 308 308 308 308 308 308 308 308 308 308 308 308 308 308 308 308 308 308 308 308 308 308 308 308 308 308 308 308 308 308 308 308 308 308 308 
308 308 308 308 308 308 308 308 308 308 308 308 308 308 308 308 308 308 308 308 308 308 308 308 308 308 308 308 308 308 308 308 308 308 308 308 308 308 308 308 308 308 308 308 308 308 308 308 308 308 308 308 308 308 308 308 308 308 308 308 308 308 308 308 308 308 308 308 308 308 308 308 308 308 308 308 308 308 308 308 308 308 308 308 308 308 308 308 308 308 308 308 308 308 308 308 308 308 308 308 308 308 308 308 308 308 308 308 308 308 308 308 308 308 308 308 308 308 308 308 308 308 308 308 308 308 308 308 308 308 308 308 308 308 308 308 308 308 308 308 
308 308 308 308 308 308 308 308 308 308 308 308 308 308 308 308 308 308 308 308 308 308 308 308 308 308 308 308 308 308 308 308 308 308 308 308 308 308 308 308 308 308 308 308 308 308 308 308 308 308 308 308 308 308 308 308 308 308 308 308 308 308 308 308 308 308 308 308 308 308 308 308 308 308 308 308 308 308 308 308 308 308 308 308 308 308 308 308 308 308 308 308 308 308 308 308 308 308 308 308 308 308 308 308 308 308 308 308 308 308 308 308 308 308 308 308 308 308 308 308 308 308 308 308 308 308 308 308 308 308 308 308 308 308 308 308 308 308 308 308 
308 308 308 308 308 308 308 308 308 308 308 308 308 308 308 308 308 308 308 308 308 308 308 308 308 308 308 308 308 308 308 308 308 308 308 308 308 308 308 308 308 308 308 308 308 308 308 308 308 308 308 308 308 308 308 308 308 308 308 308 308 308 308 308 308 308 308 308 308 308 308 308 308 308 308 308 308 308 308 308 308 308 308 308 308 308 308 308 308 308 308 308 308 308 308 308 308 308 308 308 308 308 308 308 308 308 308 308 308 308 308 308 308 308 308 308 308 308 308 308 308 308 308 308 308 308 308 308 308 308 308 308 308 308 308 308 308 308 308 308 
308 308 308 308 308 308 308 308 308 308 308 308 308 308 308 308 308 308 308 308 308 308 308 308 308 308 308 308 308 308 308 308 308 308 308 308 308 308 308 308 308 308 308 308 308 308 308 308 308 308 308 308 308 308 308 308 308 308 308 308 308 308 308 308 308 308 308 308 308 308 308 308 308 308 308 308 308 308 308 308 308 308 308 308 308 308 308 308 308 308 308 308 308 308 308 308 308 308 308 308 308 308 308 308 308 308 308 308 308 308 308 308 308 308 308 308 308 308 308 308 308 308 308 308 308 308 308 308 308 308 308 308 308 308 308 308 308 308 308 308 
308 308 308 308 308 308 308 308 308 308 308 308 308 308 308 308 308 308 308 308 308 308 308 308 308 308 308 308 308 308 308 308 308 308 308 308 308 308 308 308 308 308 308 308 308 308 308 308 308 308 308 308 308 308 308 308 308 308 308 308 308 308 308 308 308 308 308 308 308 308 308 308 308 308 308 308 308 308 308 308 308 308 308 308 308 308 308 308 308 308 308 308 308 308 308 308 308 308 308 308 308 308 308 308 308 308 308 308 308 308 308 308 308 308 308 308 308 308 308 308 308 308 308 308 308 308 308 308 308 308 308 308 308 308 308 308 308 308 308 308 
308 308 308 308 308 308 308 308 308 308 308 308 308 308 308 308 308 308 308 308 308 308 308 308 308 308 308 308 308 308 308 308 308 308 308 308 308 308 308 308 308 308 308 308 308 308 308 308 308 308 308 308 308 308 308 308 308 308 308 308 308 308 308 308 308 308 308 308 308 308 308 308 308 308 308 308 308 308 308 308 308 308 308 308 308 308 308 308 308 308 308 308 308 308 308 308 308 308 308 308 308 308 308 308 308 308 308 308 308 308 308 308 308 308 308 308 308 308 308 308 308 308 308 308 308 308 308 308 308 308 308 308 308 308 308 308 308 308 308 308 
308 308 308 308 308 308 308 308 308 308 308 308 308 308 308 308 308 308 308 308 308 308 308 308 308 308 308 308 308 308 308 308 308 308 308 308 308 308 308 308 308 308 308 308 308 308 308 308 308 308 308 308 308 308 308 308 308 308 308 308 308 308 308 308 308 308 308 308 308 308 308 308 308 308 308 308 308 308 308 308 308 308 308 308 308 308 308 308 308 308 308 308 308 308 308 308 308 308 308 308 308 308 308 308 308 308 308 308 308 308 308 308 308 308 308 308 308 308 308 308 308 308 308 308 308 308 308 308 308 308 308 308 308 308 308 308 308 308 308 308 
308 308 308 308 308 308 308 308 308 308 308 308 308 308 308 308 308 308 308 308 308 308 308 308 308 308 308 308 308 308 308 308 308 308 308 308 308 308 308 308 308 308 308 308 308 308 308 308 308 308 308 308 308 308 308 308 308 308 308 308 308 308 308 308 308 308 308 308 308 308 308 308 308 308 308 308 308 308 308 308 308 308 308 308 308 308 308 308 308 308 308 308 308 308 308 308 308 308 308 308 308 308 308 308 308 308 308 308 308 308 308 308 308 308 308 308 308 308 308 308 308 308 308 308 308 308 308 308 308 308 308 308 308 308 308 308 308 308 308 308 
308 308 308 308 308 308 308 308 308 308 308 308 308 308 308 308 308 308 308 308 308 308 308 308 308 308 308 308 308 308 308 308 308 308 308 308 308 308 308 308 308 308 308 308 308 308 308 308 308 308 308 308 308 308 308 308 308 308 308 308 308 308 308 308 308 308 308 308 308 308 308 308 308 308 308 308 308 308 308 308 308 308 308 308 308 308 308 308 308 308 308 308 308 308 308 308 308 308 308 308 308 308 308 308 308 308 308 308 308 308 308 308 308 308 308 308 308 308 308 308 308 308 308 308 308 308 308 308 308 308 308 308 308 308 308 308 308 308 308 308 
308 308 308 308 308 308 308 308 308 308 308 308 308 308 308 308 308 308 308 308 308 308 308 308 308 308 308 308 308 308 308 308 308 308 308 308 308 308 308 308 308 308 308 308 241 338 338 338 338 338 338 338 338 338 338 338 338 338 338 338 338 338 338 338 338 338 338 338 338 338 338 338 338 338 338 242 308 308 308 308 308 308 308 308 308 308 308 308 308 308 308 308 308 308 308 308 308 308 308 308 308 308 308 308 308 308 308 308 308 308 308 308 308 308 308 308 308 308 308 308 308 308 308 308 308 308 308 308 308 308 308 308 308 308 308 308 308 308 308 308 
308 308 308 308 308 308 308 308 308 308 308 308 308 308 308 308 308 308 308 308 308 308 308 308 308 308 308 308 308 308 308 308 308 308 308 308 308 308 308 308 308 308 308 308 309 202 203 203 203 203 203 203 203 203 203 203 203 203 203 203 203 203 203 203 203 203 203 203 203 204 203 202 203 203 204 307 308 308 308 308 308 308 308 308 308 308 308 308 308 308 308 308 308 308 308 308 308 308 308 308 308 308 308 308 308 308 308 308 308 308 308 308 308 308 308 308 308 308 308 308 308 308 308 308 308 308 308 308 308 308 308 308 308 308 308 308 308 308 308 308 
308 308 308 308 308 308 308 308 308 308 308 308 308 308 308 308 308 308 308 308 308 308 308 308 308 308 308 308 308 308 308 308 308 308 308 308 308 308 308 308 308 308 308 308 309 305 305 305 305 305 305 305 305 305 305 305 305 305 305 305 305 305 305 305 305 305 305 305 305 305 305 305 305 305 305 307 308 308 308 308 308 308 308 308 308 308 308 308 308 308 308 308 308 308 308 308 308 308 308 308 308 308 308 308 308 308 308 308 308 308 308 308 308 308 308 308 308 308 308 308 308 308 308 308 308 308 308 308 308 308 308 308 308 308 308 308 308 308 308 308 
308 308 308 308 308 308 308 308 308 308 308 308 308 308 308 308 308 308 308 308 308 308 308 308 308 308 308 308 308 308 308 308 308 308 308 308 308 308 308 308 308 308 308 308 309 305 305 305 305 305 305 305 305 305 305 305 305 305 305 305 305 305 305 305 305 305 305 305 305 305 305 305 305 305 305 307 308 308 308 308 308 308 308 308 308 308 308 308 308 308 308 308 308 308 308 308 308 308 308 308 308 308 308 308 308 308 308 308 308 308 308 308 308 308 308 308 308 308 308 308 308 308 308 308 308 308 308 308 308 308 308 308 308 308 308 308 308 308 308 308 
308 308 308 308 308 308 308 308 308 308 308 308 308 308 308 308 308 308 308 308 308 308 308 308 308 308 308 308 308 308 308 308 308 308 308 308 308 308 308 308 308 308 308 308 309 305 345 346 346 346 346 346 346 346 346 346 346 346 346 346 346 346 346 346 346 346 346 346 346 346 346 346 346 347 305 307 308 308 308 308 308 308 308 308 308 308 308 308 308 308 308 308 308 308 308 308 308 308 308 308 308 308 308 308 308 308 308 308 308 308 308 308 308 308 308 308 308 308 308 308 308 308 308 308 308 308 308 308 308 308 308 308 308 308 308 308 308 308 308 308 
308 308 308 308 308 308 308 308 308 308 308 308 308 308 308 308 308 308 308 308 308 308 308 308 308 308 308 308 308 308 308 308 308 308 308 308 308 308 308 308 308 308 308 308 309 305 307 308 308 308 308 308 308 308 308 308 308 308 308 308 308 308 308 308 308 308 308 308 308 308 308 308 308 271 278 272 308 308 308 308 308 308 308 308 308 308 308 308 308 308 308 308 308 308 308 308 308 308 308 308 308 308 308 308 308 308 308 308 308 308 308 308 308 308 308 308 308 308 308 308 308 308 308 308 308 308 308 308 308 308 308 308 308 308 308 308 308 308 308 308 
308 308 308 308 308 308 308 308 308 308 308 308 308 308 308 308 308 308 308 308 308 308 308 308 308 308 308 308 308 308 308 308 308 308 308 308 308 308 308 308 308 308 308 308 309 305 307 308 308 308 308 308 308 308 308 308 308 308 308 308 308 308 308 308 308 308 308 308 308 308 241 338 338 338 338 338 338 338 242 308 308 308 308 308 308 308 308 308 308 308 308 308 308 308 308 308 308 308 308 308 308 308 308 308 308 308 308 308 308 308 308 308 308 308 308 308 308 308 308 308 308 308 308 308 308 308 308 308 308 308 308 308 308 308 308 308 308 308 308 308 
308 308 308 308 308 308 308 308 308 308 308 308 308 308 308 308 308 308 308 308 308 308 308 308 308 308 308 308 308 308 308 308 308 308 308 308 308 308 308 308 308 308 308 308 309 305 307 308 308 308 308 308 308 308 308 308 308 308 308 308 308 308 308 308 308 308 308 308 308 308 309 202 203 204 233 202 203 204 307 308 308 308 308 308 308 308 308 308 308 308 308 308 308 308 308 308 308 308 308 308 308 308 308 308 308 308 308 308 308 308 308 308 308 308 308 308 308 308 308 308 308 308 308 308 308 308 308 308 308 308 308 308 308 308 308 308 308 308 308 308 
308 308 308 308 308 308 308 308 308 308 308 308 308 308 308 308 308 308 308 308 308 308 308 308 308 308 308 308 308 308 308 308 308 308 308 308 308 308 308 308 308 308 308 308 309 305 307 308 308 308 308 308 308 308 308 308 308 308 308 308 308 308 308 308 308 308 308 308 308 308 309 305 305 305 305 305 305 305 307 308 308 308 308 308 308 308 308 308 308 308 308 308 308 308 308 308 308 308 308 308 308 308 308 308 308 308 308 308 308 308 308 308 308 308 308 308 308 308 308 308 308 308 308 308 308 308 308 308 308 308 308 308 308 308 308 308 308 308 308 308 
308 308 308 308 308 308 308 308 308 308 308 308 308 308 308 308 308 308 308 308 308 308 308 308 308 308 308 308 308 308 308 308 308 308 241 338 338 338 338 338 338 338 338 338 339 305 337 338 338 338 338 338 242 308 308 308 308 308 241 338 338 338 338 338 338 338 242 308 308 308 309 305 305 305 305 305 305 305 307 308 308 308 308 308 308 308 308 308 308 308 241 338 338 338 242 308 308 308 308 308 308 308 308 308 308 308 308 308 308 308 308 308 308 308 308 308 308 308 308 308 308 308 308 308 308 308 308 308 308 308 308 308 308 308 308 308 308 308 308 308 
308 308 308 308 308 308 308 308 308 308 308 308 308 308 308 308 308 308 308 308 308 308 308 308 308 308 308 308 308 308 308 308 308 308 309 202 202 203 203 202 134 204 203 204 135 305 202 203 203 203 203 204 307 308 308 308 308 308 309 202 203 203 203 203 203 204 307 308 308 308 309 305 305 305 305 305 305 305 307 308 308 308 308 308 308 308 308 308 308 308 309 202 203 204 307 308 308 308 308 308 308 308 308 308 308 308 308 308 308 308 308 308 308 308 308 308 308 308 308 308 308 308 308 308 308 308 308 308 308 308 308 308 308 308 308 308 308 308 308 308 
308 308 308 308 308 308 308 308 308 308 308 308 308 308 308 308 308 308 308 308 308 308 308 308 308 308 308 308 308 308 308 308 308 308 309 305 305 305 305 305 164 305 305 305 164 305 305 305 305 305 305 305 337 338 338 338 338 338 339 364 364 364 364 364 364 364 307 308 308 308 309 305 305 305 305 305 305 305 307 308 308 308 308 308 308 308 308 308 308 308 309 305 305 305 307 308 308 308 308 308 308 308 308 308 308 308 308 308 308 308 308 308 308 308 308 308 308 308 308 308 308 308 308 308 308 308 308 308 308 308 308 308 308 308 308 308 308 308 308 308 
308 308 308 308 308 308 308 308 308 308 308 308 308 308 308 308 308 308 308 308 308 308 308 308 308 308 308 308 308 308 308 308 308 308 271 305 305 305 305 305 121 305 2 305 122 61 62 62 62 62 63 305 202 203 203 203 203 203 204 61 62 62 62 62 63 364 307 308 308 308 309 305 305 305 305 305 305 305 307 308 308 308 308 308 308 308 308 308 308 308 309 305 305 305 307 308 308 308 308 308 308 308 308 308 308 308 308 308 308 308 308 308 308 308 308 308 308 308 308 308 308 308 308 308 308 308 308 308 308 308 308 308 308 308 308 308 308 308 308 308 
308 308 308 308 308 308 308 308 308 308 308 308 308 308 308 308 308 308 308 308 308 308 308 308 308 308 308 308 308 308 308 308 308 308 308 346 346 346 347 305 121 305 31 305 32 305 305 305 305 305 31 305 305 305 305 305 305 305 305 364 364 364 364 364 364 364 307 308 308 308 309 305 305 305 305 305 305 305 307 308 308 308 308 308 308 308 308 308 308 308 309 305 305 305 307 308 308 308 308 308 308 308 308 308 308 308 308 308 308 308 308 308 308 308 308 308 308 308 308 308 308 308 308 308 308 308 308 308 308 308 308 308 308 308 308 308 308 308 308 308 
308 308 308 308 308 308 308 308 308 308 308 308 308 308 308 308 308 308 308 308 308 308 308 308 308 308 308 308 309 305 307 308 308 308 308 308 308 308 309 305 305 305 31 305 305 305 61 62 63 305 31 305 345 346 346 346 346 346 347 61 63 364 61 62 62 63 307 308 308 308 309 305 305 305 305 305 305 305 307 308 308 308 308 308 308 308 308 308 308 308 271 305 305 305 272 308 308 308 308 308 308 308 308 308 308 308 308 308 308 308 308 308 308 308 308 308 308 308 308 308 308 308 308 308 308 308 308 308 308 308 308 308 308 308 308 308 308 308 308 308 
308 308 308 308 308 308 308 308 308 308 308 308 308 308 308 308 308 308 308 308 308 308 308 308 308 308 308 308 309 305 307 308 308 308 308 308 308 308 309 305 61 62 121 62 63 305 31 305 31 305 31 305 307 308 308 308 308 308 309 364 364 364 32 364 364 364 307 308 308 308 271 305 305 305 305 305 305 305 272 308 308 308 308 308 308 308 308 308 308 308 308 347 308 345 308 308 308 308 308 308 308 308 308 308 308 308 308 308 308 308 308 308 308 308 308 308 308 308 308 308 308 308 308 308 308 308 308 308 308 308 308 308 308 308 308 308 308 308 308 308 
308 308 308 308 308 308 308 308 308 308 308 308 308 308 308 308 308 308 308 308 308 308 308 308 308 308 308 308 309 305 307 308 308 308 308 308 308 308 309 305 305 305 305 305 31 305 305 305 31 305 31 305 307 308 308 308 308 308 309 364 2 364 32 364 2 364 307 308 308 308 308 346 346 347 305 345 346 346 308 308 308 308 308 308 308 308 308 308 308 308 308 308 308 308 308 308 308 308 308 308 308 308 308 308 308 308 308 308 308 308 308 308 308 308 308 308 308 308 308 308 308 308 308 308 308 308 308 308 308 308 308 308 308 308 308 308 308 308 308 308 
308 308 308 308 308 308 308 308 308 308 308 308 308 308 308 308 308 308 308 308 308 308 308 308 308 308 308 308 309 305 307 308 308 308 308 308 308 308 309 305 61 62 63 305 121 62 63 305 121 62 123 305 307 308 308 308 308 308 309 364 32 364 32 364 32 364 307 308 308 308 308 308 308 309 305 307 308 241 338 338 338 338 338 338 338 338 338 242 308 308 308 308 308 308 308 308 308 308 308 308 308 308 308 308 308 308 308 308 308 308 308 308 308 308 308 308 308 308 308 308 308 308 308 308 308 308 308 308 308 308 308 308 308 308 308 308 308 308 308 308 
308 308 308 308 308 308 308 308 308 308 308 308 308 308 308 308 308 308 308 308 308 308 308 308 308 308 308 308 309 305 307 308 308 308 308 308 308 308 309 305 122 122 122 305 122 122 122 305 305 305 305 305 307 308 308 308 308 308 309 364 32 364 364 364 32 364 307 308 308 308 308 308 308 309 305 307 308 309 202 203 203 203 203 203 203 203 204 307 308 308 308 308 308 308 308 308 308 308 308 308 308 308 308 308 308 308 308 308 308 308 308 308 308 308 308 308 308 308 308 308 308 308 308 308 308 308 308 308 308 308 308 308 308 308 308 308 308 308 308 308 
308 308 308 308 308 308 308 308 308 308 308 308 308 308 308 308 308 308 308 308 308 308 308 308 308 308 308 308 309 305 307 308 308 308 308 308 308 308 309 62 122 122 203 233 203 122 122 61 62 62 62 63 337 338 338 338 338 242 309 364 32 364 2 364 32 364 307 308 308 308 308 308 308 309 305 307 308 309 305 305 305 305 305 305 305 305 305 307 308 308 308 308 308 308 308 308 308 308 308 308 308 308 308 308 308 308 308 308 308 308 308 308 308 173 173 173 173 173 173 173 173 173 173 173 173 173 173 173 308 308 308 308 308 308 308 308 308 308 308 308 
308 308 308 308 308 308 308 308 308 308 308 308 308 308 308 308 308 308 308 308 308 308 308 308 308 308 308 308 309 305 307 308 308 308 308 308 308 308 309 395 395 395 305 305 305 395 395 395 395 395 395 395 202 203 203 203 204 307 309 62 32 364 32 364 32 364 307 308 308 308 308 308 308 309 305 307 308 309 305 305 305 305 305 305 305 305 305 307 308 308 308 308 308 308 308 308 308 308 308 308 308 308 308 308 308 308 308 308 308 308 308 308 308 173 173 173 173 173 173 173 173 173 173 173 173 173 173 173 308 308 308 308 308 308 308 308 308 308 308 308 
308 308 308 308 308 308 308 308 308 308 308 308 308 308 308 308 308 308 308 308 308 308 308 308 308 308 308 241 339 305 337 242 308 308 308 308 308 308 309 305 305 305 305 305 305 305 305 305 305 305 305 305 305 305 305 305 305 272 309 364 32 364 32 364 32 364 307 308 308 308 308 308 241 339 305 337 338 339 305 345 346 346 346 346 346 347 305 307 308 308 308 308 308 308 308 308 308 308 308 308 308 308 308 308 308 308 308 308 308 308 308 308 308 173 173 173 173 173 173 173 173 173 173 173 173 173 173 173 308 308 308 308 308 308 308 308 308 308 308 308 
308 308 308 308 308 308 308 308 308 308 308 308 308 308 308 308 308 308 308 308 308 308 308 308 308 308 308 309 203 305 203 307 308 308 308 308 308 308 309 305 305 305 305 305 305 305 305 305 305 305 305 305 345 346 346 346 346 308 309 364 32 364 32 364 32 364 307 308 308 308 308 308 309 203 305 202 203 204 305 337 242 308 308 308 308 309 305 307 308 308 308 308 308 308 308 308 308 308 308 308 308 308 308 308 308 308 308 308 308 308 308 308 308 203 203 203 203 203 203 203 203 203 203 203 203 203 203 203 308 308 308 308 308 308 308 308 308 308 308 308 
308 308 308 308 308 308 308 308 308 308 308 308 308 308 308 308 308 308 308 308 308 308 308 308 308 308 308 309 305 305 305 307 308 308 308 308 308 308 271 305 305 305 305 305 305 305 305 305 305 305 305 305 272 308 308 308 308 308 309 364 32 364 32 364 32 364 307 308 308 308 308 308 309 305 305 305 305 305 305 203 307 308 308 308 308 309 305 307 308 308 308 308 308 308 308 308 308 308 308 308 308 308 308 308 308 308 308 308 308 308 308 308 308 305 305 305 305 305 305 305 305 305 305 305 305 305 305 305 308 308 308 308 308 308 308 308 308 308 308 308 
308 308 308 308 308 308 308 308 308 308 308 308 308 308 308 308 308 308 308 308 308 308 308 308 308 308 308 309 305 305 305 307 308 308 308 308 308 308 308 347 305 345 346 346 346 346 346 346 346 346 346 346 308 308 308 308 308 308 309 364 32 364 32 364 32 364 307 308 308 308 308 308 309 305 305 455 455 455 305 305 307 308 308 308 241 339 305 337 338 338 338 338 338 338 242 308 308 308 308 308 308 308 308 308 308 308 308 308 308 308 308 308 308 305 305 305 305 305 305 305 305 305 305 305 305 305 305 305 308 308 308 308 308 308 308 308 308 308 308 308 
308 308 308 308 308 308 308 308 308 308 308 308 308 308 308 308 308 308 308 308 308 308 308 308 308 308 308 271 305 305 305 272 308 308 308 308 308 308 308 309 305 307 308 308 308 308 308 308 308 308 308 308 308 308 308 308 308 308 309 364 121 62 123 364 32 364 307 308 308 308 308 308 309 305 426 37 38 39 424 305 307 308 308 308 309 133 305 133 134 134 134 135 203 202 307 308 308 308 308 308 308 308 308 308 308 308 308 308 308 308 308 308 308 305 305 305 305 305 305 305 305 305 305 305 305 305 305 305 308 308 308 308 308 308 308 308 308 308 308 308 
308 308 308 308 308 308 308 308 308 308 308 308 308 308 308 308 308 308 308 308 308 308 308 308 308 308 308 308 346 346 346 308 308 308 308 308 308 308 308 309 305 307 308 308 308 308 308 308 308 308 308 308 308 308 308 308 308 308 309 364 364 364 364 364 32 364 307 308 308 308 308 308 309 305 426 67 68 69 424 305 307 308 308 308 309 223 305 163 164 164 164 165 305 305 307 308 308 308 308 308 308 308 308 308 308 308 308 308 308 308 308 308 308 305 305 305 305 305 305 305 305 305 305 305 305 305 305 305 308 308 308 308 308 308 308 308 308 308 308 308 
308 308 308 308 308 308 308 308 308 308 308 308 308 308 308 308 308 308 308 308 308 308 308 308 308 308 308 308 308 308 308 308 308 308 308 308 308 308 308 309 305 307 308 308 308 308 308 308 308 308 308 308 308 308 308 308 308 308 309 61 62 62 62 63 122 364 307 308 308 308 308 308 309 305 426 67 68 69 424 305 307 308 308 308 309 193 305 305 305 305 305 121 63 305 307 308 308 308 308 308 308 308 308 308 308 308 308 308 308 308 308 308 308 305 305 305 305 305 305 305 305 305 305 305 305 305 305 305 308 308 308 308 308 308 308 308 308 308 308 308 
308 308 308 308 308 308 308 308 308 308 308 308 308 308 308 308 308 308 308 308 308 308 308 308 308 308 308 308 308 308 308 308 308 308 308 308 308 308 308 309 305 307 308 308 308 308 308 308 308 308 308 308 308 308 308 308 308 308 271 364 364 364 364 364 364 364 272 308 308 308 308 308 309 305 426 97 98 99 424 305 307 308 308 308 309 193 305 61 62 63 305 121 123 305 307 308 308 308 308 308 308 308 308 308 308 308 308 308 308 308 308 308 308 305 305 305 305 305 305 305 305 305 305 305 305 305 305 305 308 308 308 308 308 308 308 308 308 308 308 308 
308 308 308 308 308 308 308 308 308 308 308 308 308 308 308 308 308 308 308 308 308 308 308 308 308 308 308 308 308 308 308 308 308 308 308 308 308 308 308 309 305 337 338 338 338 338 242 308 308 308 308 308 308 308 308 308 308 308 308 346 346 346 346 346 346 346 308 308 308 308 308 308 309 305 305 395 395 395 305 305 307 308 308 308 271 193 305 305 305 122 305 305 305 305 272 308 308 308 308 308 308 308 308 308 308 308 308 308 308 308 308 308 308 305 305 305 305 305 305 305 305 305 305 305 305 305 305 305 308 308 308 308 308 308 308 308 308 308 308 308 
308 308 308 308 308 308 308 308 308 308 308 308 308 308 308 308 308 308 308 308 308 308 308 308 308 308 308 308 308 308 308 241 338 338 338 338 338 338 338 339 305 133 134 203 203 204 307 308 308 308 308 308 308 308 308 308 308 308 308 308 308 308 308 308 308 308 308 308 308 308 308 308 309 305 305 305 305 305 305 305 307 308 308 308 308 346 346 346 346 346 346 346 346 346 308 308 308 308 308 308 308 308 308 308 308 308 308 308 308 308 308 308 308 305 305 305 305 305 305 305 305 305 305 305 305 305 305 305 308 308 308 308 308 308 308 308 308 308 308 308 
308 308 308 308 308 308 308 308 308 308 308 308 308 308 308 308 308 308 308 308 308 308 308 308 308 308 308 308 308 308 308 309 202 203 203 203 203 203 203 204 426 223 224 424 305 305 307 308 308 308 308 308 308 308 308 308 308 308 308 308 308 308 308 308 308 308 308 308 308 308 308 308 271 305 305 305 305 305 305 305 272 308 308 308 308 308 308 308 308 308 308 308 308 308 308 308 308 308 308 308 308 308 308 308 308 308 308 308 308 308 308 308 308 305 305 305 305 305 305 305 305 305 305 305 305 305 305 305 308 308 308 308 308 308 308 308 308 308 308 308 
308 308 308 308 308 308 308 308 308 308 308 308 308 308 308 308 308 308 308 308 308 308 308 308 308 308 308 308 308 308 308 309 305 455 455 455 455 455 455 455 456 122 122 424 305 305 307 308 308 308 308 308 308 308 308 308 308 308 308 308 308 308 308 308 308 308 308 308 308 308 308 308 308 346 346 347 305 345 346 346 308 308 308 308 308 308 308 308 308 308 308 308 308 308 308 308 308 308 308 308 308 308 308 308 308 308 308 308 308 308 308 308 308 305 305 305 305 305 305 305 305 305 305 305 305 305 305 305 308 308 308 308 308 308 308 308 308 308 308 308 
308 308 308 308 308 308 308 308 308 308 308 308 308 308 308 308 308 308 308 308 308 308 308 308 308 308 308 308 308 308 308 309 426 61 62 62 62 62 62 62 63 122 122 424 305 305 272 308 308 308 308 308 308 308 308 308 308 308 308 308 308 308 308 308 241 338 338 338 242 308 308 308 308 308 308 309 305 307 308 308 308 308 308 308 308 308 308 308 308 308 308 308 308 308 308 308 308 308 308 308 308 308 308 308 308 308 308 308 308 308 308 308 308 308 308 308 308 308 308 308 308 308 308 308 308 308 308 308 308 308 308 308 308 308 308 308 308 308 308 308 
308 308 308 308 308 308 308 308 308 308 308 308 308 308 308 308 308 308 308 308 308 308 308 308 308 308 308 308 308 308 308 309 426 122 345 346 346 346 346 346 346 346 346 346 346 346 308 308 308 308 308 308 308 308 308 308 308 308 308 308 308 308 308 308 309 202 134 204 307 308 308 308 308 308 308 309 305 307 308 308 308 308 308 308 308 308 308 308 308 308 308 308 308 308 308 308 308 308 308 308 308 308 308 308 308 308 308 308 308 308 308 308 308 308 308 308 308 308 308 308 308 308 308 308 308 308 308 308 308 308 308 308 308 308 308 308 308 308 308 308 
308 308 308 308 308 308 308 308 308 308 308 308 308 308 308 308 308 308 308 308 308 308 308 308 308 308 308 308 308 308 308 309 426 32 337 338 338 338 338 338 338 338 338 338 338 338 242 308 308 308 308 308 308 308 308 308 308 308 308 308 308 308 308 308 309 364 38 364 307 308 308 308 308 308 308 309 305 307 308 308 308 308 308 308 308 308 308 308 308 308 308 308 308 308 308 308 308 308 308 308 308 308 308 308 308 308 308 308 308 308 308 308 308 308 308 308 308 308 308 308 308 308 308 308 308 308 308 308 308 308 308 308 308 308 308 308 308 308 308 308 
308 308 308 308 308 308 308 308 308 308 308 308 308 308 308 308 308 308 308 308 308 308 308 308 308 308 308 308 308 308 308 309 426 32 133 134 134 134 134 134 134 134 134 134 134 135 307 308 308 308 308 308 308 308 308 308 308 308 308 308 308 308 308 308 309 364 68 364 307 308 308 308 308 308 308 309 305 307 308 308 308 308 308 308 308 308 308 308 308 308 308 308 308 308 308 308 308 308 308 308 308 308 308 308 308 308 308 308 308 308 308 308 308 308 308 308 308 308 308 308 308 308 308 308 308 308 308 308 308 308 308 308 308 308 308 308 308 308 308 308 
308 308 308 308 308 308 308 308 308 308 308 308 308 308 308 308 308 308 308 308 308 308 308 308 308 308 308 308 308 308 308 309 426 121 163 164 164 164 164 164 164 164 164 164 164 165 307 308 308 308 308 308 308 308 308 308 308 308 308 308 308 308 308 308 309 364 68 364 307 308 308 308 308 308 308 309 305 337 338 338 338 338 338 338 338 338 338 242 308 308 308 308 308 308 308 308 308 308 308 308 308 308 308 308 308 308 308 308 308 308 308 308 308 308 308 308 308 308 308 308 308 308 308 308 308 308 308 308 308 308 308 308 308 308 308 308 308 308 308 308 
308 308 308 308 308 308 308 308 308 308 308 308 308 308 308 308 308 308 308 308 308 308 308 308 308 308 308 308 308 308 308 309 305 395 395 396 121 121 194 121 121 394 395 395 395 395 307 308 308 308 308 308 308 308 308 308 308 308 308 308 308 308 308 308 309 364 68 364 307 308 308 308 308 308 308 309 305 202 203 203 203 203 203 203 203 203 204 307 308 308 308 308 308 308 308 308 308 308 308 308 308 308 308 308 308 308 308 308 308 308 308 308 308 308 308 308 308 308 308 308 308 308 308 308 308 308 308 308 308 308 308 308 308 308 308 308 308 308 308 308 
308 308 308 308 308 308 308 308 308 308 308 308 308 308 308 308 308 308 308 308 308 308 308 308 308 308 308 308 308 308 308 309 305 305 305 305 364 364 364 364 364 305 305 305 305 305 307 308 308 308 308 308 308 308 308 308 241 338 338 338 338 338 338 338 339 364 68 364 307 308 308 308 308 308 308 309 305 305 305 305 305 305 305 305 305 305 305 307 308 308 308 308 308 308 308 308 308 308 308 308 308 308 308 308 308 308 308 308 308 308 308 308 308 308 308 308 308 308 308 308 308 308 308 308 308 308 308 308 308 308 308 308 308 308 308 308 308 308 308 308 
308 308 308 308 308 308 308 308 308 308 308 308 308 308 308 308 308 308 308 308 308 308 308 308 308 308 308 308 308 308 308 309 305 305 305 456 61 62 122 62 63 454 305 305 305 305 272 308 308 308 308 308 308 308 308 308 309 202 203 203 134 203 203 203 134 364 68 364 307 308 308 308 308 308 308 271 305 305 305 305 305 305 305 305 305 305 305 307 308 308 308 308 308 308 308 308 308 308 308 308 308 308 308 308 308 308 308 308 308 308 308 308 308 308 308 308 308 308 308 308 308 308 308 308 308 308 308 308 308 308 308 308 308 308 308 308 308 308 308 308 
308 308 308 308 308 308 308 308 308 308 308 308 308 308 308 308 308 308 308 308 308 308 308 308 308 308 308 308 308 308 308 309 305 345 346 346 346 346 346 346 346 346 346 347 305 345 308 308 308 308 308 308 308 308 308 308 309 364 364 364 38 364 364 364 38 364 68 364 307 308 308 308 308 308 308 308 346 346 346 346 346 346 346 346 346 347 305 307 308 308 308 308 308 308 308 308 308 308 308 308 308 308 308 308 308 308 308 308 308 308 308 308 308 308 308 308 308 308 308 308 308 308 308 308 308 308 308 308 308 308 308 308 308 308 308 308 308 308 308 308 
308 308 308 308 308 308 308 308 308 308 308 308 308 308 308 308 308 308 308 308 308 308 308 308 308 308 308 308 308 308 308 309 305 307 308 308 308 308 308 308 308 308 308 271 305 272 308 308 308 308 308 308 308 308 308 308 309 364 37 364 364 364 37 364 364 364 68 364 307 308 308 308 308 308 308 308 308 308 308 308 308 308 241 338 338 339 305 337 338 338 242 308 308 308 308 308 308 308 308 308 308 308 308 308 308 308 308 308 308 308 308 308 308 308 308 308 308 308 308 308 308 308 308 308 308 308 308 308 308 308 308 308 308 308 308 308 308 308 308 308 
308 308 308 308 308 308 308 308 308 308 308 308 308 308 308 308 308 308 308 308 308 308 308 308 308 308 308 308 308 308 308 309 305 307 308 308 308 308 308 308 308 308 308 308 346 308 308 308 308 308 308 308 308 308 308 308 309 364 67 38 38 39 68 38 38 39 68 364 307 308 308 308 308 308 308 308 308 308 308 308 308 308 309 202 203 204 305 202 203 204 307 308 308 308 308 308 308 308 308 308 308 308 308 308 308 308 308 308 308 308 308 308 308 308 308 308 308 308 308 308 308 308 308 308 308 308 308 308 308 308 308 308 308 308 308 308 308 308 308 308 
308 308 308 308 308 308 308 308 308 308 308 308 308 308 308 308 308 308 308 308 308 308 308 308 308 308 308 308 308 308 308 309 305 307 308 308 308 308 308 308 308 308 241 338 338 338 242 308 308 308 308 308 308 308 308 308 309 364 364 364 364 68 364 364 364 364 364 364 307 308 308 308 308 308 308 308 308 308 308 308 308 308 309 305 305 305 305 305 305 305 307 308 308 308 308 308 308 308 308 308 308 308 308 308 308 308 308 308 308 308 308 308 308 308 308 308 308 308 308 308 308 308 308 308 308 308 308 308 308 308 308 308 308 308 308 308 308 308 308 308 
308 308 308 308 308 308 308 308 308 308 308 308 308 308 308 308 308 308 308 308 308 308 308 308 308 308 308 308 308 308 308 309 305 307 308 308 308 308 308 308 308 308 309 203 233 203 307 308 308 308 308 308 308 308 308 308 309 37 38 39 364 68 364 364 364 364 364 364 272 308 308 308 308 308 308 308 308 308 308 308 308 308 309 305 305 305 305 305 305 305 307 308 308 308 308 308 308 308 308 308 308 308 308 308 308 308 308 308 308 308 308 308 308 308 308 308 308 308 308 308 308 308 308 308 308 308 308 308 308 308 308 308 308 308 308 308 308 308 308 308 
308 308 308 308 308 308 308 308 308 308 308 308 308 308 308 308 308 308 308 308 308 308 308 308 308 308 308 308 308 308 308 309 305 307 308 308 308 308 308 308 308 308 309 305 305 305 307 308 308 308 308 308 308 308 308 308 309 364 364 364 364 68 364 345 346 346 346 346 308 308 308 308 308 308 308 308 308 308 308 308 308 308 309 305 305 305 305 305 305 305 307 308 308 308 308 308 308 308 308 308 308 308 308 308 308 308 308 308 308 308 308 308 308 308 308 308 308 308 308 308 308 308 308 308 308 308 308 308 308 308 308 308 308 308 308 308 308 308 308 308 
308 308 308 308 308 308 308 308 308 308 308 308 308 308 308 308 308 308 308 308 308 308 308 308 308 308 308 308 308 308 308 309 305 307 308 308 308 308 308 308 308 308 309 305 305 305 307 308 308 308 308 308 308 308 308 308 309 364 37 38 39 68 364 307 308 308 308 308 308 308 308 308 308 308 308 308 308 308 308 308 308 308 309 305 305 305 305 305 305 305 307 308 308 308 308 308 308 308 308 308 308 308 308 308 308 308 308 308 308 308 308 308 308 308 308 308 308 308 308 308 308 308 308 308 308 308 308 308 308 308 308 308 308 308 308 308 308 308 308 308 
308 308 308 308 308 308 308 308 308 308 308 308 308 308 308 308 308 308 308 308 308 308 308 308 308 308 308 308 308 308 308 309 305 307 308 308 308 308 308 308 308 308 309 305 305 305 307 308 308 308 308 308 308 308 308 308 271 364 364 364 395 364 364 307 308 308 308 308 308 308 308 308 308 308 308 308 308 308 308 308 308 308 309 305 305 305 305 305 305 305 307 308 308 308 308 308 308 308 308 308 308 308 308 308 308 308 308 308 308 308 308 308 308 308 308 308 308 308 308 308 308 308 308 308 308 308 308 308 308 308 308 308 308 308 308 308 308 308 308 308 
308 308 308 308 308 308 308 308 308 308 308 308 308 308 308 308 308 308 308 308 308 308 308 308 308 308 308 308 241 338 338 339 305 337 338 338 242 308 308 308 308 308 271 305 305 305 272 308 308 308 308 308 308 308 308 308 308 346 346 347 305 364 364 272 308 308 308 308 308 308 308 308 308 308 308 308 308 308 308 308 308 308 309 305 305 305 305 305 305 305 307 308 308 308 308 308 308 308 308 308 308 308 308 308 308 308 308 308 308 308 308 308 308 308 308 308 308 308 308 308 308 308 308 308 308 308 308 308 308 308 308 308 308 308 308 308 308 308 308 308 
308 308 308 308 308 308 308 308 308 308 308 308 308 308 308 308 308 308 308 308 308 308 308 308 308 308 308 308 309 202 203 204 305 202 203 204 307 308 308 308 308 308 308 346 346 346 308 308 308 308 308 308 308 308 308 308 308 308 308 309 305 345 346 308 308 308 308 308 308 308 308 308 308 308 308 308 308 308 308 308 308 308 309 305 305 305 305 305 305 305 307 308 308 308 308 308 308 308 308 308 308 308 308 308 308 308 308 308 308 308 308 308 308 308 308 308 308 308 308 308 308 308 308 308 308 308 308 308 308 308 308 308 308 308 308 308 308 308 308 308 
308 308 308 308 308 308 308 308 308 308 308 308 308 308 308 308 308 308 308 308 308 308 308 308 308 308 308 308 309 305 305 305 305 305 305 305 307 308 308 308 308 308 308 308 308 308 308 308 308 308 308 308 308 308 308 308 241 338 338 339 305 337 338 338 242 308 308 308 308 308 308 308 308 308 308 308 308 308 308 308 308 308 271 305 305 305 305 305 305 305 272 308 308 308 308 308 308 308 308 308 308 308 308 308 308 308 308 308 308 308 308 308 308 308 308 308 308 308 308 308 308 308 308 308 308 308 308 308 308 308 308 308 308 308 308 308 308 308 308 308 
308 308 308 308 308 308 308 308 308 308 308 308 308 308 308 308 308 308 308 308 308 308 308 308 308 308 308 308 309 305 305 305 305 305 305 305 307 308 308 308 308 308 308 308 308 308 308 308 308 308 308 308 308 308 308 308 309 202 203 204 305 202 203 204 307 308 308 308 308 308 308 308 308 308 308 308 308 308 308 308 308 308 308 346 346 347 305 345 346 346 308 308 308 308 308 308 308 308 308 308 308 308 308 308 308 308 308 308 308 308 308 308 308 308 308 308 308 308 308 308 308 308 308 308 308 308 308 308 308 308 308 308 308 308 308 308 308 308 308 308 
308 308 308 308 308 308 308 308 308 308 308 308 308 308 308 308 308 308 308 308 308 308 308 308 308 308 308 308 309 305 305 305 305 305 305 305 307 308 308 308 308 308 308 308 308 308 308 308 308 241 338 338 338 338 338 338 339 305 305 305 305 305 305 305 337 338 338 338 338 242 308 308 308 308 308 308 308 308 308 308 308 308 308 308 308 309 305 307 308 308 308 308 308 308 308 308 308 308 308 308 308 308 308 308 308 308 308 308 308 308 308 308 308 308 308 308 308 308 308 308 308 308 308 308 308 308 308 308 308 308 308 308 308 308 308 308 308 308 308 308 
308 308 308 308 308 308 308 308 308 308 308 308 308 308 308 308 308 308 308 308 308 308 308 308 308 308 308 308 309 305 305 305 305 305 305 305 307 308 308 308 308 308 308 308 308 308 308 308 308 309 202 203 203 203 203 203 204 305 305 455 455 455 305 305 410 203 203 203 204 307 308 308 308 308 308 308 308 308 308 308 308 308 308 308 308 309 305 307 308 308 308 308 308 308 308 308 308 308 308 308 308 308 308 308 308 308 308 308 308 308 308 308 308 308 308 308 308 308 308 308 308 308 308 308 308 308 308 308 308 308 308 308 308 308 308 308 308 308 308 308 
308 308 308 308 308 308 308 308 308 308 308 308 308 308 308 308 308 308 308 308 308 308 308 308 308 308 308 308 309 305 305 305 305 305 305 305 307 308 308 308 308 308 308 308 308 308 308 308 308 309 305 305 305 305 305 305 305 305 426 38 38 39 424 305 411 305 305 305 305 307 308 308 308 308 308 308 308 308 308 308 308 308 308 308 308 271 278 272 308 308 308 308 308 308 308 308 308 308 308 308 308 308 308 308 308 308 308 308 308 308 308 308 308 308 308 308 308 308 308 308 308 308 308 308 308 308 308 308 308 308 308 308 308 308 308 308 308 308 308 308 
308 308 308 308 308 308 308 308 308 308 308 308 308 308 308 308 308 308 308 308 308 308 308 308 308 308 308 308 309 305 305 305 305 305 305 305 307 308 308 308 308 308 308 308 308 308 308 308 308 309 305 277 305 305 305 305 305 305 426 68 68 68 424 305 308 305 305 305 305 307 308 308 308 308 308 308 308 308 308 241 338 338 338 338 338 338 338 338 338 338 242 308 308 308 308 308 308 308 308 308 308 308 308 308 308 308 308 308 308 308 308 308 203 203 203 203 203 203 203 203 203 203 203 203 203 203 203 203 203 203 203 203 203 308 308 308 308 308 308 308 
308 308 308 308 308 308 308 308 308 308 308 308 308 308 308 308 308 308 308 308 308 308 308 308 308 308 308 308 271 305 305 305 305 305 305 305 272 308 308 308 308 308 308 308 308 308 308 308 308 271 278 272 346 346 346 346 347 305 305 395 395 395 305 305 345 346 346 347 305 307 308 308 308 308 308 308 308 308 308 309 202 203 203 203 203 204 233 202 203 204 307 308 308 308 308 308 308 308 308 308 308 308 308 308 308 308 308 308 308 308 308 308 305 305 305 305 305 305 305 305 305 205 206 207 305 305 305 305 305 305 305 305 305 308 308 308 308 308 308 308 
308 308 308 308 308 308 308 308 308 308 308 308 308 308 308 308 308 308 308 308 308 308 308 308 308 308 308 308 308 346 346 347 305 345 346 346 308 308 308 308 308 308 308 308 308 308 241 338 338 338 338 338 338 338 242 308 271 305 305 305 305 305 305 305 272 308 308 309 305 307 308 308 308 308 308 241 338 338 338 339 305 305 305 305 305 305 305 305 305 305 307 308 308 308 308 308 308 308 308 308 308 308 308 308 308 308 308 308 308 308 308 308 305 305 305 305 305 305 305 305 305 235 236 237 305 305 305 305 305 305 305 305 305 308 308 308 308 308 308 308 
308 308 308 308 308 308 308 308 308 308 308 308 308 308 308 308 308 308 308 308 308 308 308 308 308 308 241 338 338 338 338 339 305 307 308 308 308 308 308 308 308 308 308 308 308 308 309 202 203 204 233 202 203 204 307 308 308 346 346 346 346 346 346 346 308 308 308 309 305 307 308 308 308 308 308 309 202 203 203 204 305 305 305 455 455 455 455 455 455 455 307 308 308 308 308 308 308 308 308 308 308 308 308 308 308 308 308 308 308 308 308 308 143 143 184 143 184 143 184 143 143 143 143 143 143 143 184 143 184 143 184 143 143 308 308 308 308 308 308 308 
308 308 308 308 308 308 308 308 308 308 308 308 308 308 308 308 308 308 308 308 308 308 308 308 308 308 309 202 203 203 203 204 305 307 308 308 308 308 308 308 308 308 308 308 308 308 309 305 305 305 305 305 305 305 307 308 308 308 308 308 308 308 308 308 308 308 308 309 305 307 308 308 308 308 308 309 305 305 305 305 305 305 426 37 38 38 38 38 38 39 307 308 308 308 308 241 338 338 338 338 338 338 338 338 338 338 338 338 338 338 338 338 173 173 185 173 185 173 185 173 265 266 266 266 267 173 185 173 185 173 185 173 173 338 338 338 338 338 338 242 
308 308 308 308 308 308 308 308 308 308 308 308 308 308 308 308 308 308 308 308 308 308 308 308 308 308 309 305 305 305 305 305 305 272 308 308 308 308 308 308 308 308 308 308 308 308 309 305 305 305 305 305 305 305 307 308 308 308 308 308 308 308 308 308 241 338 338 339 305 337 338 338 242 308 308 309 305 305 305 305 305 305 426 67 394 395 395 395 395 395 307 308 308 308 308 309 134 134 134 134 134 134 134 134 134 134 134 134 134 134 134 134 134 134 134 134 134 134 134 86 87 296 296 296 145 146 134 134 134 134 134 134 134 134 134 134 134 134 134 307 
308 308 308 308 308 308 308 308 308 308 308 308 308 308 308 308 308 308 308 308 308 308 308 308 308 308 309 305 345 346 346 346 346 308 308 308 308 308 308 308 308 308 308 308 308 308 309 305 305 305 305 305 305 305 307 308 308 308 308 308 308 308 308 308 309 202 203 204 305 202 203 204 307 308 308 309 305 345 346 347 305 305 426 67 424 305 305 305 305 305 307 308 308 308 308 309 223 164 164 164 164 164 164 164 164 164 164 164 164 164 164 164 164 164 164 164 164 164 224 116 117 325 326 327 175 176 223 164 164 164 164 164 164 164 164 164 164 164 164 307 
308 308 308 308 308 308 308 308 308 308 308 308 308 308 308 308 308 308 308 308 308 308 308 308 241 338 339 305 337 338 338 338 242 308 308 308 308 308 308 308 308 308 308 308 308 308 309 305 305 305 305 305 305 305 307 308 308 308 308 308 308 308 308 308 309 305 305 305 305 305 305 305 307 308 308 309 305 307 308 271 305 305 426 67 424 305 305 305 305 305 272 308 308 308 308 309 70 71 71 71 71 71 193 122 122 122 122 122 122 122 122 122 122 122 122 122 122 122 195 305 305 305 305 305 305 305 193 122 122 122 122 122 122 122 122 122 122 122 122 307 
308 308 308 308 308 308 308 308 308 308 308 308 308 308 308 308 308 308 308 308 308 308 308 308 309 202 204 305 202 203 203 204 307 308 308 308 308 308 308 308 308 308 308 308 308 308 309 305 305 305 305 305 305 305 307 308 308 308 308 308 308 308 308 308 309 455 455 455 455 455 455 455 307 308 308 309 305 307 308 308 346 346 346 346 347 305 345 346 346 346 308 308 308 308 308 309 70 71 71 71 71 71 193 122 122 122 122 122 122 122 122 122 122 122 122 122 122 122 122 224 305 305 305 305 305 223 122 122 122 122 122 122 122 122 122 122 122 122 122 307 
308 308 308 308 308 308 308 308 308 308 308 308 308 308 308 308 308 308 308 308 308 308 308 308 309 305 305 305 305 305 305 305 307 308 308 308 308 308 308 308 308 308 308 308 308 308 309 305 305 305 305 305 305 305 307 308 308 308 308 308 308 308 308 308 309 37 364 37 38 39 364 7 307 308 308 309 305 307 308 308 308 308 308 308 309 305 307 308 308 308 308 308 308 308 308 309 70 71 71 71 71 71 193 122 122 122 122 122 122 122 122 122 122 122 122 122 122 122 122 122 224 305 305 305 223 122 122 122 122 122 122 122 122 122 122 122 122 122 122 307 
308 308 308 308 308 308 308 308 308 308 308 308 308 308 308 308 308 308 308 308 308 308 308 308 309 305 305 305 305 305 305 305 307 308 308 308 308 308 308 308 308 308 308 308 308 308 271 305 305 305 305 305 305 305 272 308 308 308 308 308 308 308 308 308 309 67 364 67 68 69 364 67 307 308 308 309 305 337 338 338 338 338 338 338 339 305 307 308 308 308 308 308 308 308 308 309 70 71 71 71 71 71 193 122 122 122 122 122 122 122 122 122 122 122 122 122 122 122 122 122 122 224 305 223 122 122 122 122 122 122 122 122 122 122 122 122 122 122 122 307 
308 308 308 308 308 308 308 308 308 308 308 308 308 308 308 308 308 308 308 308 308 308 308 308 309 455 455 455 455 305 305 305 307 308 308 308 308 308 308 308 308 308 308 308 308 308 308 346 346 347 305 345 346 346 308 308 308 308 308 308 308 308 308 308 309 67 364 67 68 69 364 67 307 308 308 309 305 202 203 203 203 203 203 203 204 305 307 308 308 308 308 308 308 308 308 309 70 71 71 71 71 71 193 122 122 122 122 122 122 122 122 122 122 122 122 122 122 122 122 122 122 195 305 193 122 122 122 122 122 122 122 122 122 122 122 122 122 122 122 307 
308 308 308 308 308 308 308 308 308 308 308 308 308 308 308 308 308 308 308 308 308 308 308 308 309 61 62 62 63 202 203 204 307 308 308 308 308 308 308 308 308 308 308 308 308 308 308 308 308 309 305 337 338 338 338 338 338 338 338 242 308 308 308 308 309 67 364 67 68 69 364 67 307 308 308 309 305 305 305 305 305 305 305 305 305 305 307 308 308 308 308 308 308 308 308 309 70 71 71 71 71 71 193 122 122 122 122 122 122 122 122 122 122 122 122 122 122 122 122 122 122 195 305 193 122 122 122 122 122 122 122 122 122 122 122 122 122 122 122 307 
308 308 308 308 308 308 308 308 308 308 308 308 308 308 308 308 308 308 308 308 308 308 308 308 309 395 395 395 395 305 305 305 307 308 308 308 308 308 308 308 308 308 308 308 308 308 308 308 308 309 305 202 203 203 203 203 203 203 204 307 308 308 308 308 309 67 38 68 68 69 364 67 337 338 338 339 305 305 305 305 305 305 305 305 305 305 272 308 308 308 308 308 308 308 308 309 70 71 71 71 71 71 193 122 122 122 122 122 122 122 122 122 122 122 122 122 122 122 122 122 122 195 305 193 122 122 122 122 122 122 122 122 122 122 122 122 122 122 122 307 
308 308 308 308 308 308 308 308 308 308 308 308 308 308 308 308 308 308 308 308 308 308 308 308 309 305 305 305 305 305 305 305 307 308 308 308 308 308 308 308 308 308 308 308 308 308 308 308 308 309 305 305 305 305 305 305 305 305 305 307 308 308 308 308 309 395 395 395 395 395 395 395 202 203 203 204 305 345 346 346 346 346 346 346 346 346 308 308 308 308 308 308 308 308 308 309 70 71 71 71 71 71 193 122 122 122 122 122 122 122 122 122 122 122 122 122 122 122 122 122 122 195 305 193 122 122 122 122 122 122 122 122 122 122 122 122 122 122 122 307 
308 308 308 308 308 308 308 308 308 308 308 308 308 308 308 308 308 308 308 308 308 308 308 308 309 305 305 305 455 455 455 455 307 308 308 308 308 308 308 308 308 308 308 308 308 308 308 308 308 271 305 305 305 305 305 305 305 305 305 307 308 308 308 308 309 305 305 305 305 305 305 305 305 305 305 305 305 272 308 308 308 308 308 308 308 308 308 308 308 308 308 308 308 308 308 309 70 71 71 71 71 71 193 122 122 122 122 122 122 122 122 122 122 122 122 122 122 122 122 122 122 195 305 193 122 122 122 122 122 122 122 122 122 122 122 122 122 122 122 307 
308 308 308 308 308 308 308 308 308 308 308 308 308 308 308 308 308 308 308 308 308 308 308 308 309 202 203 204 61 62 62 63 337 338 338 338 338 338 338 338 242 308 308 308 308 308 308 308 308 308 346 346 346 346 346 346 346 347 305 307 308 308 308 308 309 305 305 305 305 305 305 305 345 346 346 346 346 308 308 308 308 308 308 308 308 308 308 308 308 308 308 308 308 308 308 309 70 71 71 71 71 71 193 122 122 122 122 122 122 122 122 122 122 122 122 122 122 122 122 122 122 195 305 193 122 122 122 122 122 122 122 122 122 122 122 122 122 122 122 307 
308 308 308 308 308 308 308 308 308 308 308 308 308 308 308 308 308 308 308 308 308 308 308 308 309 305 305 305 395 395 395 395 202 203 203 203 203 203 203 204 307 308 308 308 308 308 308 308 308 308 308 308 241 338 338 338 242 309 305 307 308 308 308 308 271 305 305 305 305 305 305 305 272 308 308 308 308 308 308 308 308 308 308 308 308 308 308 308 308 308 308 308 308 308 308 309 70 71 71 71 71 71 193 122 122 122 122 122 122 122 122 122 122 122 122 122 122 122 122 122 122 195 305 193 122 122 122 122 122 122 122 122 122 122 122 122 122 122 122 307 
308 308 308 308 308 308 308 308 308 308 308 308 308 308 308 308 308 308 308 308 308 308 308 308 309 455 455 455 455 455 455 455 455 455 455 455 455 455 305 305 307 308 308 308 308 308 308 308 308 308 308 308 309 203 203 203 307 309 305 307 308 308 308 308 308 346 346 346 346 346 346 346 308 308 308 308 308 308 308 308 308 308 308 241 338 338 338 338 338 338 338 338 338 338 338 339 70 71 71 71 71 71 193 122 122 122 122 122 122 122 122 122 122 122 122 122 122 122 122 122 122 195 305 193 122 122 122 122 122 122 122 122 122 122 122 122 122 122 122 307 
308 308 308 308 308 308 308 308 308 308 308 308 308 308 308 308 308 308 308 308 308 308 308 308 309 61 62 62 62 62 62 63 62 61 62 62 62 63 424 305 307 308 308 308 308 308 308 308 308 308 308 308 309 305 305 305 307 309 305 307 308 308 308 308 308 308 308 308 308 308 308 308 308 308 308 308 308 308 308 308 308 308 308 309 134 134 134 134 134 134 134 134 134 134 134 134 70 71 71 71 71 71 193 122 122 122 122 122 122 122 122 122 122 122 122 122 122 122 122 122 122 195 305 193 122 122 122 122 122 122 122 122 122 122 122 122 122 122 122 307 
308 308 308 308 308 308 308 308 308 308 308 308 308 308 308 308 308 308 308 308 308 308 308 308 309 121 122 122 122 122 122 122 122 122 122 122 122 122 424 305 307 308 308 308 308 308 308 308 308 308 308 308 309 455 455 455 307 309 305 307 241 338 338 338 338 338 338 338 338 338 338 338 338 338 338 338 338 338 338 338 338 338 338 339 38 38 38 38 38 38 38 38 38 38 38 38 100 101 101 101 101 101 193 122 122 122 122 122 122 122 122 122 122 122 122 122 122 122 122 122 122 195 305 193 122 122 122 122 122 122 122 122 122 122 122 122 122 122 122 307 
308 308 308 308 308 308 308 308 308 308 308 308 308 308 308 308 308 308 308 308 308 308 308 308 271 278 278 278 278 278 279 121 121 394 395 395 395 395 305 305 307 308 308 308 308 308 308 308 308 308 308 308 309 37 38 39 307 309 305 307 309 202 203 203 203 203 203 203 203 203 203 203 203 203 203 203 203 203 203 203 203 203 203 204 68 68 68 68 68 68 68 68 68 68 68 68 68 68 68 68 68 68 193 122 122 122 122 122 122 122 122 122 122 122 122 122 122 122 122 122 195 415 416 417 193 122 122 122 122 122 122 122 122 122 122 122 122 122 122 307 
308 308 308 308 308 308 308 308 308 308 308 308 308 308 308 308 308 308 308 308 308 308 308 308 308 308 308 308 308 308 309 121 121 424 305 305 305 305 305 305 307 308 308 308 308 308 308 308 308 308 308 308 309 67 68 69 307 309 305 307 309 305 305 305 305 305 305 305 305 305 305 305 305 305 305 305 305 305 305 305 305 305 305 305 305 305 305 305 305 305 305 305 305 305 305 305 305 305 305 305 305 305 305 305 305 305 305 305 305 305 305 305 305 305 305 305 305 305 305 305 305 445 446 447 305 193 122 122 122 122 122 122 122 122 122 122 122 122 122 307 
308 308 308 308 308 308 308 308 308 308 308 308 308 308 308 308 308 308 308 308 308 308 308 308 308 308 308 308 308 308 309 121 121 454 305 455 455 455 455 455 307 308 308 308 308 308 308 308 308 308 308 308 309 97 98 99 337 339 305 337 339 338 242 305 305 305 305 305 305 305 305 305 305 305 305 305 305 305 305 305 305 305 305 305 38 38 38 38 38 38 38 38 38 38 38 38 38 38 38 38 38 38 164 164 164 164 164 164 164 164 164 164 164 164 164 164 164 164 164 164 224 475 476 477 223 122 122 122 122 122 122 122 122 122 122 122 122 122 122 307 
308 308 308 308 308 308 308 308 308 308 308 308 308 308 308 308 308 308 308 308 308 308 308 308 308 308 308 308 308 308 309 121 121 63 364 61 62 62 62 63 307 308 308 308 308 308 308 308 308 308 308 308 309 395 395 395 202 204 305 202 203 203 307 346 346 346 346 346 346 346 346 346 346 346 346 346 346 346 346 346 346 346 346 347 68 68 68 68 68 68 68 68 68 68 68 68 40 41 41 41 41 41 193 122 122 122 122 122 122 122 122 122 122 122 122 122 122 122 122 122 122 224 305 223 122 122 122 122 122 122 122 122 122 122 122 122 122 122 122 307 
308 308 308 308 308 308 308 308 308 308 308 308 308 308 308 308 308 308 308 308 308 308 308 308 308 308 308 308 308 308 309 121 121 122 364 122 121 121 121 121 307 308 308 308 308 308 308 308 308 308 308 308 309 305 305 305 305 305 305 305 305 305 337 338 338 338 338 338 338 338 338 242 308 308 308 308 308 308 308 308 308 308 308 271 68 68 68 68 68 68 68 68 68 68 68 68 71 71 71 71 71 71 193 122 122 122 122 122 122 122 122 122 122 122 122 122 122 122 122 122 122 122 164 122 122 122 122 122 122 122 122 122 122 122 122 122 122 122 122 307 
308 308 308 308 308 308 308 308 308 308 308 308 308 308 308 308 308 308 308 308 308 308 308 308 308 308 308 308 308 308 309 121 121 134 134 134 121 121 121 121 307 308 308 308 308 308 308 308 308 308 308 308 309 305 305 305 305 305 305 305 305 305 202 203 203 203 203 203 203 203 204 307 308 308 308 308 308 308 308 308 308 308 308 308 346 346 346 346 346 346 346 346 346 346 346 347 71 71 71 71 71 71 193 122 122 122 122 122 122 122 122 122 122 122 122 122 122 122 122 122 122 122 122 122 122 122 122 122 122 122 122 122 122 122 122 122 122 122 122 307 
308 308 308 308 308 308 308 308 308 308 308 308 308 308 308 308 308 308 308 308 308 308 308 308 308 308 308 308 308 308 309 121 121 164 364 164 121 121 121 121 307 308 308 308 308 308 308 308 308 308 308 308 309 305 305 305 305 305 305 305 305 305 305 305 305 305 305 305 305 305 305 307 308 308 308 308 308 308 308 308 308 308 308 308 308 308 308 308 308 308 308 308 308 308 308 309 71 71 71 71 71 71 193 122 122 122 122 122 122 122 122 122 122 122 122 122 122 122 122 122 122 122 122 122 122 122 122 122 122 122 122 122 122 122 122 122 122 122 122 307 
308 308 308 308 308 308 308 308 308 308 308 308 308 308 308 308 308 308 308 308 308 308 308 308 308 308 308 308 308 308 309 121 121 121 364 121 121 121 121 121 307 308 308 308 308 308 308 308 308 308 308 308 309 305 305 305 305 305 305 305 305 305 345 346 346 346 346 346 346 347 305 307 308 308 308 308 308 308 308 308 308 308 308 308 308 308 308 308 308 308 308 308 308 308 308 309 71 71 71 71 71 71 193 122 122 122 122 122 122 122 122 122 122 122 122 122 122 122 122 122 122 122 122 122 122 122 122 122 122 122 122 122 122 122 122 122 122 122 122 307 
308 308 308 308 308 308 308 308 308 308 308 308 308 308 308 308 308 308 308 308 308 308 308 308 308 308 308 308 308 308 309 121 121 394 305 396 121 121 121 121 307 308 308 308 308 308 308 308 308 308 308 308 309 305 305 305 305 305 305 305 305 305 307 308 308 308 308 308 308 309 305 307 308 308 308 308 308 308 308 308 308 308 308 308 308 308 308 308 308 308 308 308 308 308 308 309 71 71 71 71 71 71 193 122 122 122 122 122 122 122 122 122 122 122 122 122 122 122 122 122 122 122 122 122 122 122 122 122 122 122 122 122 122 122 122 122 122 122 122 307 
308 308 308 308 308 308 308 308 308 308 308 308 308 308 308 308 308 308 308 308 308 308 308 308 308 308 308 308 308 308 309 121 121 424 305 345 346 347 395 395 307 308 308 308 308 308 308 308 308 308 308 308 271 305 305 305 305 305 305 305 305 305 272 308 308 308 308 308 308 309 305 307 308 308 308 308 308 308 308 308 308 308 308 308 308 308 308 308 308 308 308 308 308 308 308 309 71 71 71 71 71 71 193 122 122 122 122 122 122 122 122 122 122 122 122 122 122 122 122 122 122 122 122 122 122 122 122 122 122 122 122 122 122 122 122 122 122 122 122 307 
308 308 308 308 308 308 308 308 308 308 308 308 308 308 308 308 308 308 308 308 308 308 308 308 308 308 308 308 308 308 309 121 121 424 305 307 308 309 305 305 307 308 308 308 308 308 308 308 308 308 308 308 308 347 14 345 346 346 346 346 346 346 308 308 308 308 308 308 308 309 305 307 308 308 308 308 308 308 308 308 308 308 308 308 308 308 308 308 308 308 308 308 308 308 308 309 71 71 71 71 71 71 193 122 122 122 122 122 122 122 122 122 122 122 122 122 122 122 122 122 122 122 122 122 122 122 122 122 122 122 122 122 122 122 122 122 122 122 122 307 
308 308 308 308 308 308 308 308 308 308 308 308 308 308 308 308 308 308 308 308 308 308 308 308 308 308 308 308 308 308 271 121 123 424 305 307 308 309 305 305 272 308 308 308 308 308 308 308 308 308 308 308 308 309 44 307 308 308 308 308 308 308 308 308 308 308 308 308 308 309 305 307 308 308 308 308 308 308 308 308 308 308 308 308 308 308 308 308 308 308 308 308 308 308 308 309 71 71 71 71 71 71 193 122 122 122 122 122 122 122 122 122 122 122 122 122 122 122 122 122 122 122 122 122 122 122 122 122 122 122 122 122 122 122 122 122 122 122 122 307 
308 308 308 308 308 308 308 308 308 308 308 308 308 308 308 308 308 308 308 308 308 308 308 308 308 308 308 308 308 308 308 346 346 347 305 307 308 309 305 345 308 308 308 308 308 308 308 308 308 308 308 308 308 309 74 307 308 308 308 308 308 308 308 308 308 308 308 308 308 309 305 307 308 308 308 308 308 308 308 308 308 308 308 308 308 308 308 308 308 308 308 308 308 308 308 309 71 71 71 71 71 71 193 122 122 122 122 122 122 122 122 122 122 122 122 122 122 122 122 122 122 122 122 122 122 122 122 122 122 122 122 122 122 122 122 122 122 122 122 307 
308 308 308 308 308 308 308 308 308 308 308 308 308 308 308 308 308 308 308 308 308 308 308 308 308 308 308 308 308 308 308 308 308 309 305 307 308 309 305 307 308 308 308 308 308 308 308 308 308 308 308 308 308 309 311 307 308 308 308 308 308 308 308 308 308 308 308 308 308 309 305 307 308 308 308 308 308 308 308 308 308 308 308 308 308 308 308 308 308 308 308 308 308 308 308 309 71 71 71 71 71 71 193 122 122 122 122 122 122 122 122 122 122 122 122 122 122 122 122 122 122 122 122 122 122 122 122 122 122 122 122 122 122 122 122 122 122 122 122 307 
308 308 308 308 308 308 308 308 308 308 308 308 308 308 308 308 308 308 308 308 308 308 308 308 308 308 308 308 308 308 308 308 308 309 305 337 338 339 305 307 308 308 308 308 308 308 308 308 308 308 308 308 308 309 311 307 308 308 308 308 308 308 308 308 308 308 308 308 308 309 305 307 308 308 308 308 308 308 308 308 308 308 308 308 308 308 308 308 308 308 308 308 308 308 308 309 71 71 71 71 71 71 193 122 122 122 122 122 122 122 122 122 122 122 122 122 122 122 122 122 122 122 122 122 122 122 122 122 122 122 122 122 122 122 122 122 122 122 122 307 
308 308 308 308 308 308 308 308 308 308 308 308 308 308 308 308 308 308 308 308 308 308 308 308 308 308 308 308 308 308 308 308 308 309 305 202 203 204 305 337 338 338 338 338 338 338 338 338 338 338 338 338 338 339 311 307 308 308 308 308 308 308 308 308 308 308 241 338 338 339 305 337 338 338 242 308 308 308 308 308 308 308 308 308 308 308 308 308 308 308 308 308 308 308 308 309 71 71 71 71 71 71 193 122 122 122 122 122 122 122 122 122 122 122 122 122 122 122 122 122 122 122 122 122 122 122 122 122 122 122 122 122 122 122 122 122 122 122 122 307 
308 308 308 308 308 308 308 308 308 308 308 308 308 308 308 308 308 308 308 308 308 308 308 308 308 308 308 308 308 308 308 308 308 309 305 305 305 305 305 43 134 134 134 134 134 134 134 134 134 134 134 134 134 135 311 307 308 308 308 308 308 308 308 308 308 308 309 203 203 204 305 202 203 203 307 308 308 308 308 308 308 241 338 338 338 242 308 308 308 308 308 308 308 308 308 309 71 71 71 71 71 71 193 122 122 122 122 122 122 122 122 122 122 122 122 122 122 122 122 122 122 122 122 122 122 122 122 122 122 122 122 122 122 122 122 122 122 122 122 307 
308 308 308 308 308 308 308 308 308 308 308 308 308 308 308 308 308 308 308 308 308 308 308 308 308 308 308 308 308 308 308 308 308 309 305 305 305 305 305 74 74 74 74 74 74 74 74 74 74 74 74 74 74 75 308 307 308 308 308 308 308 308 308 308 308 308 309 305 305 305 305 305 305 305 307 308 308 308 308 308 308 339 202 203 204 307 308 308 308 308 308 308 308 308 308 309 71 71 71 71 71 71 193 122 122 122 122 122 122 122 122 122 122 122 122 122 122 122 122 122 122 122 122 122 122 122 122 122 122 122 122 122 122 122 122 122 122 122 122 307 
308 308 308 308 308 308 308 308 308 308 308 308 308 308 308 308 308 308 308 308 308 308 308 308 308 308 308 308 308 308 308 308 308 271 305 305 305 305 305 308 308 308 308 308 308 308 308 308 308 308 308 308 308 308 308 272 308 308 308 308 308 308 308 308 308 308 309 305 305 415 416 417 305 305 307 308 308 308 308 308 308 204 305 305 305 307 308 308 308 308 308 308 308 308 308 309 71 71 71 71 71 71 193 122 122 122 122 122 122 122 122 122 122 122 122 122 122 122 122 122 122 122 122 122 122 122 122 122 122 122 122 122 122 122 122 122 122 122 122 307 
308 308 308 308 308 308 308 308 308 308 308 308 308 308 308 308 308 308 308 308 308 308 308 308 308 308 308 308 308 308 308 308 308 308 346 346 346 346 346 346 346 346 346 346 346 346 346 346 346 346 346 346 346 346 346 308 308 308 308 308 308 308 308 308 308 308 309 305 305 445 446 447 305 305 307 308 308 308 308 308 308 305 305 305 305 307 308 308 308 308 308 308 308 308 308 309 71 71 71 71 71 71 193 122 122 122 122 122 122 122 122 122 122 122 122 122 122 122 122 122 122 122 122 122 122 122 122 122 122 122 122 122 122 122 122 122 122 122 122 307 
308 308 308 308 308 308 308 308 308 308 308 308 308 308 308 308 308 308 308 308 308 308 308 308 308 308 308 308 308 308 308 308 308 308 308 308 308 308 308 308 308 308 308 308 308 308 308 308 308 308 308 308 308 308 308 308 308 308 308 308 308 308 308 308 308 308 309 305 305 475 476 477 305 305 307 308 308 308 308 308 308 347 305 305 305 307 308 308 308 308 308 308 308 308 308 271 278 278 278 278 278 278 278 278 278 278 278 278 278 278 278 278 278 278 278 278 278 278 278 278 278 278 278 278 278 278 278 278 278 278 278 278 278 278 278 278 278 278 278 272 
308 308 308 308 308 308 308 308 308 308 308 308 308 308 308 308 308 308 308 308 308 308 308 308 308 308 308 308 308 308 308 308 308 308 308 308 308 308 308 308 308 308 308 308 308 308 308 308 308 308 308 308 308 308 308 308 308 308 308 308 308 308 308 308 308 308 309 305 305 305 305 305 305 305 307 308 308 308 308 308 308 271 305 305 305 272 308 308 308 308 308 308 308 308 308 308 308 308 308 308 308 308 308 308 308 308 308 308 308 308 308 308 308 308 308 308 308 308 308 308 308 308 308 308 308 308 308 308 308 308 308 308 308 308 308 308 308 308 308 308 
308 308 308 308 308 308 308 308 308 308 308 308 308 308 308 308 308 308 308 308 308 308 308 308 308 308 308 308 308 308 308 308 308 308 308 308 308 308 308 308 308 308 308 308 308 308 308 308 308 308 308 308 308 308 308 308 308 308 308 308 308 308 308 308 308 308 271 305 305 305 305 305 305 305 272 308 308 308 308 308 308 308 346 346 346 308 308 308 308 308 308 308 308 308 308 308 308 308 308 308 308 308 308 308 308 308 308 308 308 308 308 308 308 308 308 308 308 308 308 308 308 308 308 308 308 308 308 308 308 308 308 308 308 308 308 308 308 308 308 308 
308 308 308 308 308 308 308 308 308 308 308 308 308 308 308 308 308 308 308 308 308 308 308 308 308 308 308 308 308 308 308 308 308 308 308 308 308 308 308 308 308 308 308 308 308 308 308 308 308 308 308 308 308 308 308 308 308 308 308 308 308 308 308 308 308 308 308 346 346 346 346 346 346 346 308 308 308 308 308 308 308 308 308 308 308 308 308 308 308 308 308 308 308 308 308 308 308 308 308 308 308 308 308 308 308 308 308 308 308 308 308 308 308 308 308 308 308 308 308 308 308 308 308 308 308 308 308 308 308 308 308 308 308 308 308 308 308 308 308 308 
308 308 308 308 308 308 308 308 308 308 308 308 308 308 308 308 308 308 308 308 308 308 308 308 308 308 308 308 308 308 308 308 308 308 308 308 308 308 308 308 308 308 308 308 308 308 308 308 308 308 308 308 308 308 308 308 308 308 308 308 308 308 308 308 308 308 308 308 308 308 308 308 308 308 308 308 308 308 308 308 308 308 308 308 308 308 308 308 308 308 308 308 308 308 308 308 308 308 308 308 308 308 308 308 308 308 308 308 308 308 308 308 308 308 308 308 308 308 308 308 308 308 308 308 308 308 308 308 308 308 308 308 308 308 308 308 308 308 308 308 
308 308 308 308 308 308 308 308 308 308 308 308 308 308 308 308 308 308 308 308 308 308 308 308 308 308 308 308 308 308 308 308 308 308 308 308 308 308 308 308 308 308 308 308 308 308 308 308 308 308 308 308 308 308 308 308 308 308 308 308 308 308 308 308 308 308 308 308 308 308 308 308 308 308 308 308 308 308 308 308 308 308 308 308 308 308 308 308 308 308 308 308 308 308 308 308 308 308 308 308 308 308 308 308 308 308 308 308 308 308 308 308 308 308 308 308 308 308 308 308 308 308 308 308 308 308 308 308 308 308 308 308 308 308 308 308 308 308 308 308 
308 308 308 308 308 308 308 308 308 308 308 308 308 308 308 308 308 308 308 308 308 308 308 308 308 308 308 308 308 308 308 308 308 308 308 308 308 308 308 308 308 308 308 308 308 308 308 308 308 308 308 308 308 308 308 308 308 308 308 308 308 308 308 308 308 308 308 308 308 308 308 308 308 308 308 308 308 308 308 308 308 308 308 308 308 308 308 308 308 308 308 308 308 308 308 308 308 308 308 308 308 308 308 308 308 308 308 308 308 308 308 308 308 308 308 308 308 308 308 308 308 308 308 308 308 308 308 308 308 308 308 308 308 308 308 308 308 308 308 308 
308 308 308 308 308 308 308 308 308 308 308 308 308 308 308 308 308 308 308 308 308 308 308 308 308 308 308 308 308 308 308 308 308 308 308 308 308 308 308 308 308 308 308 308 308 308 308 308 308 308 308 308 308 308 308 308 308 308 308 308 308 308 308 308 308 308 308 308 308 308 308 308 308 308 308 308 308 308 308 308 308 308 308 308 308 308 308 308 308 308 308 308 308 308 308 308 308 308 308 308 308 308 308 308 308 308 308 308 308 308 308 308 308 308 308 308 308 308 308 308 308 308 308 308 308 308 308 308 308 308 308 308 308 308 308 308 308 308 308 308 
308 308 308 308 308 308 308 308 308 308 308 308 308 308 308 308 308 308 308 308 308 308 308 308 308 308 308 308 308 308 308 308 308 308 308 308 308 308 308 308 308 308 308 308 308 308 308 308 308 308 308 308 308 308 308 308 308 308 308 308 308 308 308 308 308 308 308 308 308 308 308 308 308 308 308 308 308 308 308 308 308 308 308 308 308 308 308 308 308 308 308 308 308 308 308 308 308 308 308 308 308 308 308 308 308 308 308 308 308 308 308 308 308 308 308 308 308 308 308 308 308 308 308 308 308 308 308 308 308 308 308 308 308 308 308 308 308 308 308 308 
308 308 308 308 308 308 308 308 308 308 308 308 308 308 308 308 308 308 308 308 308 308 308 308 308 308 308 308 308 308 308 308 308 308 308 308 308 308 308 308 308 308 308 308 308 308 308 308 308 308 308 308 308 308 308 308 308 308 308 308 308 308 308 308 308 308 308 308 308 308 308 308 308 308 308 308 308 308 308 308 308 308 308 308 308 308 308 308 308 308 308 308 308 308 308 308 308 308 308 308 308 308 308 308 308 308 308 308 308 308 308 308 308 308 308 308 308 308 308 308 308 308 308 308 308 308 308 308 308 308 308 308 308 308 308 308 308 308 308 308 
308 308 308 308 308 308 308 308 308 308 308 308 308 308 308 308 308 308 308 308 308 308 308 308 308 308 308 308 308 308 308 308 308 308 308 308 308 308 308 308 308 308 308 308 308 308 308 308 308 308 308 308 308 308 308 308 308 308 308 308 308 308 308 308 308 308 308 308 308 308 308 308 308 308 308 308 308 308 308 308 308 308 308 308 308 308 308 308 308 308 308 308 308 308 308 308 308 308 308 308 308 308 308 308 308 308 308 308 308 308 308 308 308 308 308 308 308 308 308 308 308 308 308 308 308 308 308 308 308 308 308 308 308 308 308 308 308 308 308 308 
308 308 308 308 308 308 308 308 308 308 308 308 308 308 308 308 308 308 308 308 308 308 308 308 308 308 308 308 308 308 308 308 308 308 308 308 308 308 308 308 308 308 308 308 308 308 308 308 308 308 308 308 308 308 308 308 308 308 308 308 308 308 308 308 308 308 308 308 308 308 308 308 308 308 308 308 308 308 308 308 308 308 308 308 308 308 308 308 308 308 308 308 308 308 308 308 308 308 308 308 308 308 308 308 308 308 308 308 308 308 308 308 308 308 308 308 308 308 308 308 308 308 308 308 308 308 308 308 308 308 308 308 308 308 308 308 308 308 308 308 
308 308 308 308 308 308 308 308 308 308 308 308 308 308 308 308 308 308 308 308 308 308 308 308 308 308 308 308 308 308 308 308 308 308 308 308 308 308 308 308 308 308 308 308 308 308 308 308 308 308 308 308 308 308 308 308 308 308 308 308 308 308 308 308 308 308 308 308 308 308 308 308 308 308 308 308 308 308 308 308 308 308 308 308 308 308 308 308 308 308 308 308 308 308 308 308 308 308 308 308 308 308 308 308 308 308 308 308 308 308 308 308 308 308 308 308 308 308 308 308 308 308 308 308 308 308 308 308 308 308 308 308 308 308 308 308 308 308 308 308 
308 308 308 308 308 308 308 308 308 308 308 308 308 308 308 308 308 308 308 308 308 308 308 308 308 308 308 308 308 308 308 308 308 308 308 308 308 308 308 308 308 308 308 308 308 308 308 308 308 308 308 308 308 308 308 308 308 308 308 308 308 308 308 308 308 308 308 308 308 308 308 308 308 308 308 308 308 308 308 308 308 308 308 308 308 308 308 308 308 308 308 308 308 308 308 308 308 308 308 308 308 308 308 308 308 308 308 308 308 308 308 308 308 308 308 308 308 308 308 308 308 308 308 308 308 308 308 308 308 308 308 308 308 308 308 308 308 308 308 308 
308 308 308 308 308 308 308 308 308 308 308 308 308 308 308 308 308 308 308 308 308 308 308 308 308 308 308 308 308 308 308 308 308 308 308 308 308 308 308 308 308 308 308 308 308 308 308 308 308 308 308 308 308 308 308 308 308 308 308 308 308 308 308 308 308 308 308 308 308 308 308 308 308 308 308 308 308 308 308 308 308 308 308 308 308 308 308 308 308 308 308 308 308 308 308 308 308 308 308 308 308 308 308 308 308 308 308 308 308 308 308 308 308 308 308 308 308 308 308 308 308 308 308 308 308 308 308 308 308 308 308 308 308 308 308 308 308 308 308 308 
308 308 308 308 308 308 308 308 308 308 308 308 308 308 308 308 308 308 308 308 308 308 308 308 308 308 308 308 308 308 308 308 308 308 308 308 308 308 308 308 308 308 308 308 308 308 308 308 308 308 308 308 308 308 308 308 308 308 308 308 308 308 308 308 308 308 308 308 308 308 308 308 308 308 308 308 308 308 308 308 308 308 308 308 308 308 308 308 308 308 308 308 308 308 308 308 308 308 308 308 308 308 308 308 308 308 308 308 308 308 308 308 308 308 308 308 308 308 308 308 308 308 308 308 308 308 308 308 308 308 308 308 308 308 308 308 308 308 308 308 
308 308 308 308 308 308 308 308 308 308 308 308 308 308 308 308 308 308 308 308 308 308 308 308 308 308 308 308 308 308 308 308 308 308 308 308 308 308 308 308 308 308 308 308 308 308 308 308 308 308 308 308 308 308 308 308 308 308 308 308 308 308 308 308 308 308 308 308 308 308 308 308 308 308 308 308 308 308 308 308 308 308 308 308 308 308 308 308 308 308 308 308 308 308 308 308 308 308 308 308 308 308 308 308 308 308 308 308 308 308 308 308 308 308 308 308 308 308 308 308 308 308 308 308 308 308 308 308 308 308 308 308 308 308 308 308 308 308 308 308 
308 308 308 308 308 308 308 308 308 308 308 308 308 308 308 308 308 308 308 308 308 308 308 308 308 308 308 308 308 308 308 308 308 308 308 308 308 308 308 308 308 308 308 308 308 308 308 308 308 308 308 308 308 308 308 308 308 308 308 308 308 308 308 308 308 308 308 308 308 308 308 308 308 308 308 308 308 308 308 308 308 308 308 308 308 308 308 308 308 308 308 308 308 308 308 308 308 308 308 308 308 308 308 308 308 308 308 308 308 308 308 308 308 308 308 308 308 308 308 308 308 308 308 308 308 308 308 308 308 308 308 308 308 308 308 308 308 308 308 308 
308 308 308 308 308 308 308 308 308 308 308 308 308 308 308 308 308 308 308 308 308 308 308 308 308 308 308 308 308 308 308 308 308 308 308 308 308 308 308 308 308 308 308 308 308 308 308 308 308 308 308 308 308 308 308 308 308 308 308 308 308 308 308 308 308 308 308 308 308 308 308 308 308 308 308 308 308 308 308 308 308 308 308 308 308 308 308 308 308 308 308 308 308 308 308 308 308 308 308 308 308 308 308 308 308 308 308 308 308 308 308 308 308 308 308 308 308 308 308 308 308 308 308 308 308 308 308 308 308 308 308 308 308 308 308 308 308 308 308 308 
308 308 308 308 308 308 308 308 308 308 308 308 308 308 308 308 308 308 308 308 308 308 308 308 308 308 308 308 308 308 308 308 308 308 308 308 308 308 308 308 308 308 308 308 308 308 308 308 308 308 308 308 308 308 308 308 308 308 308 308 308 308 308 308 308 308 308 308 308 308 308 308 308 308 308 308 308 308 308 308 308 308 308 308 308 308 308 308 308 308 308 308 308 308 308 308 308 308 308 308 308 308 308 308 308 308 308 308 308 308 308 308 308 308 308 308 308 308 308 308 308 308 308 308 308 308 308 308 308 308 308 308 308 308 308 308 308 308 308 308 
308 308 308 308 308 308 308 308 308 308 308 308 308 308 308 308 308 308 308 308 308 308 308 308 308 308 308 308 308 308 308 308 308 308 308 308 308 308 308 308 308 308 308 308 308 308 308 308 308 308 308 308 308 308 308 308 308 308 308 308 308 308 308 308 308 308 308 308 308 308 308 308 308 308 308 308 308 308 308 308 308 308 308 308 308 308 308 308 308 308 308 308 308 308 308 308 308 308 308 308 308 308 308 308 308 308 308 308 308 308 308 308 308 308 308 308 308 308 308 308 308 308 308 308 308 308 308 308 308 308 308 308 308 308 308 308 308 308 308 308 
308 308 308 308 308 308 308 308 308 308 308 308 308 308 308 308 308 308 308 308 308 308 308 308 308 308 308 308 308 308 308 308 308 308 308 308 308 308 308 308 308 308 308 308 308 308 308 308 308 308 308 308 308 308 308 308 308 308 308 308 308 308 308 308 308 308 308 308 308 308 308 308 308 308 308 308 308 308 308 308 308 308 308 308 308 308 308 308 308 308 308 308 308 308 308 308 308 308 308 308 308 308 308 308 308 308 308 308 308 308 308 308 308 308 308 308 308 308 308 308 308 308 308 308 308 308 308 308 308 308 308 308 308 308 308 308 308 308 308 308 
308 308 308 308 308 308 308 308 308 308 308 308 308 308 308 308 308 308 308 308 308 308 308 308 308 308 308 308 308 308 308 308 308 308 308 308 308 308 308 308 308 308 308 308 308 308 308 308 308 308 308 308 308 308 308 308 308 308 308 308 308 308 308 308 308 308 308 308 308 308 308 308 308 308 308 308 308 308 308 308 308 308 308 308 308 308 308 308 308 308 308 308 308 308 308 308 308 308 308 308 308 308 308 308 308 308 308 308 308 308 308 308 308 308 308 308 308 308 308 308 308 308 308 308 308 308 308 308 308 308 308 308 308 308 308 308 308 308 308 308 
308 308 308 308 308 308 308 308 308 308 308 308 308 308 308 308 308 308 308 308 308 308 308 308 308 308 308 308 308 308 308 308 308 308 308 308 308 308 308 308 308 308 308 308 308 308 308 308 308 308 308 308 308 308 308 308 308 308 308 308 308 308 308 308 308 308 308 308 308 308 308 308 308 308 308 308 308 308 308 308 308 308 308 308 308 308 308 308 308 308 308 308 308 308 308 308 308 308 308 308 308 308 308 308 308 308 308 308 308 308 308 308 308 308 308 308 308 308 308 308 308 308 308 308 308 308 308 308 308 308 308 308 308 308 308 308 308 308 308 308