308 308 308 308 308 308 308 308 308 308 308 308 308 308 308 308 308 308 308 308 308 308 308 308 308 308 308 308 308 308 308 308 308 308 308 308 308 308 308 308 308 308 308 308 308 308 308 308 308 308 308 308 308 308 308 308 308 308 308 308 308 308 308 308 308 308 308 308 308 308 308 308 308 308 308 308 308 308 308 308 308 308 308 308 308 308 308 308 308 308 308 308 308 308 308 308 308 308 308 308 
308 308 308 308 308 308 308 308 308 308 308 308 308 308 308 308 308 308 308 308 308 308 308 308 308 308 308 308 308 308 308 308 308 308 308 308 308 308 308 308 308 308 308 308 308 308 308 308 308 308 308 308 308 308 308 308 308 308 308 308 308 308 308 308 308 308 308 308 308 308 308 308 308 308 308 308 308 308 308 308 308 308 308 308 308 308 308 308 308 308 308 308 308 308 308 308 308 308 308 308 
308 308 308 308 308 308 308 308 308 308 308 308 308 308 308 308 308 308 308 308 308 308 308 308 308 308 308 308 308 308 308 308 308 308 308 308 308 308 308 308 308 308 308 308 308 308 308 308 308 308 308 308 308 308 308 308 308 308 308 308 308 308 308 308 308 308 308 308 308 308 308 308 308 308 308 308 308 308 308 308 308 308 308 308 308 308 308 308 308 308 308 308 308 308 308 308 308 308 308 308 
308 308 308 308 308 308 308 308 308 308 308 308 308 308 308 308 308 308 308 308 308 308 308 308 308 308 308 308 308 308 308 308 308 308 308 308 308 308 308 308 308 308 308 308 308 308 308 308 308 308 308 308 308 308 308 308 308 308 308 308 308 308 308 308 308 308 308 308 308 308 308 308 308 308 308 308 308 308 308 308 308 308 308 308 308 308 308 308 308 308 308 308 308 308 308 308 308 308 308 308 
308 308 308 308 308 308 308 308 308 308 308 308 308 308 308 308 308 308 308 308 308 308 308 308 308 308 308 308 308 308 308 308 308 308 308 308 308 308 308 308 308 308 308 308 308 308 308 308 308 308 308 308 308 308 308 308 308 308 308 308 308 308 308 308 308 308 308 308 308 308 308 308 308 308 308 308 308 308 308 308 308 308 308 308 308 308 308 308 308 308 308 308 308 308 308 308 308 308 308 308 
308 308 308 308 308 308 308 308 308 308 308 308 308 308 308 308 308 308 308 308 308 308 308 308 308 308 308 308 308 308 308 308 308 308 308 308 308 308 308 308 308 308 308 308 308 308 308 308 308 308 308 308 308 308 308 308 308 308 308 308 308 308 308 308 308 308 308 308 308 308 308 308 308 308 308 308 308 308 308 308 308 308 308 308 308 308 308 308 308 308 308 308 308 308 308 308 308 308 308 308 
308 308 308 308 308 308 308 308 308 308 308 308 308 308 308 308 308 308 308 308 308 308 308 308 308 308 308 308 308 308 308 308 308 308 308 308 308 308 308 308 308 308 308 308 308 308 308 308 308 308 308 308 308 308 308 308 308 308 308 308 308 308 308 308 308 308 308 308 308 308 308 308 308 308 308 308 308 308 308 308 308 308 308 308 308 308 308 308 308 308 308 308 308 308 308 308 308 308 308 308 
308 308 308 308 308 308 308 308 308 308 308 308 308 308 308 308 308 308 308 308 308 308 308 308 308 308 308 308 308 308 308 308 308 308 308 308 308 308 308 308 308 308 308 308 308 308 308 308 308 308 308 308 308 308 308 308 308 308 308 308 308 308 308 308 308 308 308 308 308 308 308 308 308 308 308 308 308 308 308 308 308 308 308 308 308 308 308 308 308 308 308 308 308 308 308 308 308 308 308 308 
308 308 308 308 308 308 308 308 308 308 308 308 308 308 308 308 308 308 308 308 308 308 308 308 308 308 308 308 308 308 308 308 308 308 308 308 308 308 308 308 308 308 308 308 308 308 308 308 308 308 308 308 308 308 308 308 308 308 308 308 308 308 308 308 308 308 308 308 308 308 308 308 308 308 308 308 308 308 308 308 308 308 308 308 308 308 308 308 308 308 308 308 308 308 308 308 308 308 308 308 
308 308 308 308 308 308 308 308 308 308 308 308 308 308 308 308 308 308 308 308 308 308 308 308 308 308 308 308 308 308 308 308 308 308 308 308 308 308 308 308 308 308 308 308 308 308 308 308 308 308 308 308 308 308 308 308 308 308 308 308 308 308 308 308 308 308 308 308 308 308 308 308 308 308 308 308 308 308 308 308 308 308 308 308 308 308 308 308 308 308 308 308 308 308 308 308 308 308 308 308 
308 308 308 308 308 308 308 308 308 308 308 308 308 308 308 308 308 308 308 308 308 308 308 308 308 308 308 308 308 308 308 308 308 308 308 308 308 308 308 308 308 308 308 308 308 308 308 308 308 308 308 308 308 308 308 308 308 308 308 308 308 308 308 308 308 308 308 308 308 308 308 308 308 308 308 308 308 308 308 308 308 308 308 308 308 308 308 308 308 308 308 308 308 308 308 308 308 308 308 308 
308 308 308 308 308 308 308 308 308 308 308 308 308 308 308 308 308 308 308 308 308 308 308 241 338 338 338 338 338 338 338 338 338 338 242 308 308 308 308 308 308 308 308 308 308 308 308 308 308 308 308 308 308 308 308 308 308 308 308 308 308 308 308 308 308 308 308 308 308 308 308 308 308 308 308 308 308 308 308 308 308 308 308 308 308 308 308 308 308 308 308 308 308 308 308 308 308 308 308 308 
308 308 308 308 308 308 308 308 308 308 308 308 308 308 308 308 308 308 308 308 308 308 308 309 172 173 173 173 173 173 173 173 173 174 307 308 308 308 308 308 308 308 308 308 308 308 308 308 308 308 308 308 308 308 308 308 308 308 308 308 308 308 308 308 308 308 308 308 308 308 308 308 308 308 308 308 308 308 308 308 308 308 308 308 308 308 308 308 308 308 308 308 308 308 308 308 308 308 308 308 
308 308 308 308 308 308 308 308 308 308 308 308 308 308 308 308 308 308 308 308 308 308 308 309 202 203 203 203 203 203 203 203 203 204 337 338 338 338 338 338 338 338 338 338 338 338 338 338 338 338 338 338 338 338 338 242 308 308 308 308 308 308 308 308 308 308 308 308 308 308 308 308 308 308 308 308 308 308 308 308 308 308 308 308 308 308 308 308 308 308 308 308 308 308 308 308 308 308 308 308 
308 308 308 308 308 308 308 308 308 308 308 308 308 308 308 308 308 308 308 308 308 308 308 309 305 305 305 305 305 305 305 305 305 305 172 173 173 173 173 173 173 173 173 173 173 173 173 173 173 173 173 173 173 173 174 307 308 308 308 308 308 308 308 308 308 308 308 308 308 308 308 308 308 308 308 308 308 308 308 308 308 308 308 308 308 308 308 308 308 308 308 308 308 308 308 308 308 308 308 308 
308 308 308 308 308 308 308 308 308 308 308 308 308 308 308 308 308 308 308 308 308 308 308 309 305 305 305 125 305 305 305 305 305 305 202 203 203 203 203 203 203 203 203 203 203 203 203 203 203 203 203 203 203 203 204 307 308 308 308 308 308 308 308 308 308 308 308 308 308 308 308 308 308 308 308 308 308 308 308 308 308 308 308 308 308 308 308 308 308 308 308 308 308 308 308 308 308 308 308 308 
308 308 308 308 308 308 308 308 308 308 308 308 308 308 308 308 308 308 308 308 308 308 308 309 305 305 305 305 305 305 305 305 305 305 305 305 305 305 305 305 305 305 305 305 305 305 305 305 305 305 305 305 305 305 305 307 308 308 308 308 308 308 308 308 308 308 308 308 308 308 308 308 308 308 308 308 308 308 308 308 308 308 308 308 308 308 308 308 308 308 308 308 308 308 308 308 308 308 308 308 
308 308 308 308 308 308 308 308 308 308 308 308 308 308 308 308 308 308 308 308 308 308 308 309 305 305 305 305 305 305 305 305 305 305 277 278 278 278 278 278 278 278 278 278 278 278 278 278 278 278 278 278 279 305 305 307 308 308 308 308 308 308 308 308 308 308 308 308 308 308 308 308 308 308 308 308 308 308 308 308 308 308 308 308 308 308 308 308 308 308 308 308 308 308 308 308 308 308 308 308 
308 308 308 308 308 308 308 308 308 308 308 308 308 308 308 308 308 308 308 308 308 308 308 309 305 305 305 305 305 305 305 305 305 305 307 308 308 308 308 308 308 308 308 308 308 308 308 308 308 308 308 308 309 305 305 307 308 308 308 308 308 308 308 308 308 308 308 308 308 308 308 308 308 308 308 308 308 308 308 308 308 308 308 308 308 308 308 308 308 308 308 308 308 308 308 308 308 308 308 308 
308 308 308 308 308 308 308 308 308 308 308 308 308 308 308 308 308 308 308 308 308 308 308 271 278 278 278 278 278 278 278 278 278 278 272 308 308 308 308 308 308 308 308 308 308 308 308 308 308 308 308 308 309 305 305 307 308 308 308 308 308 308 308 308 308 308 308 308 308 308 308 308 308 308 308 308 308 308 308 308 308 308 308 308 308 308 308 308 308 308 308 308 308 308 308 308 308 308 308 308 
308 308 308 308 308 308 308 308 308 308 308 308 308 308 308 308 308 308 308 308 308 308 308 308 308 308 308 308 308 308 308 308 308 308 308 308 308 308 308 308 308 308 308 308 308 308 308 308 308 308 308 308 309 305 305 307 308 308 308 308 308 308 308 308 308 308 308 308 308 308 308 308 308 308 308 308 308 308 308 308 308 308 308 308 308 308 308 308 308 308 308 308 308 308 308 308 308 308 308 308 
308 308 308 308 308 308 308 308 308 308 308 308 308 308 308 308 308 308 308 308 308 308 308 308 308 308 308 308 308 308 308 308 308 308 308 308 308 308 308 308 308 308 308 308 308 308 308 308 308 308 308 308 309 305 305 307 308 308 308 308 308 308 308 308 308 308 308 308 308 308 308 308 308 308 308 308 308 308 308 308 308 308 308 308 308 308 308 308 308 308 308 308 308 308 308 308 308 308 308 308 
308 308 308 308 308 308 308 308 308 308 308 308 308 308 308 308 308 308 308 308 308 308 308 308 308 308 308 308 308 308 308 308 308 308 308 308 308 308 308 308 308 308 308 308 308 308 308 308 308 308 308 308 309 305 305 307 308 308 308 308 308 308 308 308 308 308 308 308 308 308 308 308 308 308 308 308 308 308 308 308 308 308 308 308 308 308 308 308 308 308 308 308 308 308 308 308 308 308 308 308 
308 308 308 308 308 308 308 308 308 308 308 308 308 308 308 308 308 308 308 308 308 308 308 308 308 308 308 308 308 308 308 308 308 308 308 308 308 308 308 308 308 308 308 308 308 308 308 308 308 308 308 308 309 305 305 307 308 308 308 308 308 308 308 308 308 308 308 308 308 308 308 308 308 308 308 308 308 308 308 308 308 308 308 308 308 308 308 308 308 308 308 308 308 308 308 308 308 308 308 308 
308 308 308 308 308 308 308 308 308 308 308 308 308 308 308 308 308 308 308 308 308 308 308 308 308 308 308 308 308 308 308 308 308 308 308 308 308 308 308 308 308 308 308 308 308 308 308 308 308 308 308 308 309 305 305 307 308 308 308 308 308 308 308 308 308 308 308 308 308 308 308 308 308 308 308 308 308 308 308 308 308 308 308 308 308 308 308 308 308 308 308 308 308 308 308 308 308 308 308 308 
308 308 308 308 308 308 308 308 308 308 308 308 308 308 308 308 308 308 308 308 308 308 308 308 308 308 308 308 308 308 308 308 308 308 308 308 308 308 308 308 308 308 308 308 308 308 308 308 308 308 308 308 309 305 305 307 308 308 308 308 308 308 308 308 308 308 308 308 308 308 308 308 308 308 308 308 308 308 308 308 308 308 308 308 308 308 308 308 308 308 308 308 308 308 308 308 308 308 308 308 
308 308 308 308 308 308 308 308 308 308 308 308 308 308 308 308 308 308 308 308 308 308 308 308 308 308 308 308 308 308 308 308 308 308 308 308 308 308 308 308 308 308 308 308 308 308 308 308 308 308 308 308 309 305 305 307 308 308 308 308 308 308 308 308 308 308 308 308 308 308 308 308 308 308 308 308 308 308 308 308 308 308 308 308 308 308 308 308 308 308 308 308 308 308 308 308 308 308 308 308 
308 308 308 308 308 308 308 308 308 308 308 308 308 308 308 308 308 308 308 308 308 308 308 308 308 308 308 308 308 308 308 308 308 308 308 308 308 308 308 308 308 308 308 308 308 308 308 308 308 308 308 308 309 305 305 307 308 308 308 308 308 308 308 308 308 308 308 308 308 308 308 308 308 308 308 308 308 308 308 308 308 308 308 308 308 308 308 308 308 308 308 308 308 308 308 308 308 308 308 308 
308 308 308 308 308 308 308 308 308 308 308 308 308 308 308 308 308 308 308 308 308 308 308 308 308 308 308 308 308 308 308 308 308 308 308 308 308 308 308 308 308 308 308 308 308 308 308 308 308 308 308 308 309 305 305 307 308 308 308 308 308 308 308 308 308 308 308 308 308 308 308 308 308 308 308 308 308 308 308 308 308 308 308 308 308 308 308 308 308 308 308 308 308 308 308 308 308 308 308 308 
308 308 308 308 308 308 308 308 308 308 308 308 308 308 308 308 308 308 308 308 308 308 308 308 308 308 308 308 308 308 308 308 308 308 308 308 308 308 308 308 308 308 308 308 308 308 308 308 308 308 308 308 309 305 305 307 308 308 308 308 308 308 308 308 308 308 308 308 308 308 308 308 308 308 308 308 308 308 308 308 308 308 308 308 308 308 308 308 308 308 308 308 308 308 308 308 308 308 308 308 
308 308 308 308 308 308 308 308 308 308 308 308 308 308 308 308 308 308 308 308 308 308 308 308 308 308 308 308 308 308 308 308 308 308 308 308 308 308 308 308 308 308 308 308 308 308 308 308 308 308 308 308 309 305 305 307 308 308 308 308 308 308 308 308 308 308 308 308 308 308 308 308 308 308 308 308 308 308 308 308 308 308 308 308 308 308 308 308 308 308 308 308 308 308 308 308 308 308 308 308 
308 308 308 308 308 308 308 308 308 308 308 308 308 308 308 308 308 308 308 308 308 308 308 308 308 308 308 308 308 308 308 308 308 308 308 308 308 308 308 308 308 308 308 308 308 308 308 308 308 308 308 308 309 305 305 307 308 308 308 308 308 308 308 308 308 308 308 308 308 308 308 308 308 308 308 308 308 308 308 308 308 308 308 308 308 308 308 308 308 308 308 308 308 308 308 308 308 308 308 308 
308 308 308 308 308 308 308 308 308 308 308 308 308 308 308 308 308 308 308 308 308 308 308 308 308 308 308 308 308 308 308 308 308 308 308 308 308 308 308 308 308 308 308 308 308 308 308 308 308 308 308 308 309 305 305 307 308 308 308 308 308 308 308 308 308 308 308 308 308 308 308 308 308 308 308 308 308 308 308 308 308 308 308 308 308 308 308 308 308 308 308 308 308 308 308 308 308 308 308 308 
308 308 308 308 308 308 308 308 308 308 308 308 308 308 308 308 308 308 308 308 308 308 308 308 308 308 308 308 308 308 308 308 308 308 308 308 308 308 308 308 308 308 308 308 308 308 308 308 308 308 308 308 309 305 305 307 308 308 308 308 308 308 308 308 308 308 308 308 308 308 308 308 308 308 308 308 308 308 308 308 308 308 308 308 308 308 308 308 308 308 308 308 308 308 308 308 308 308 308 308 
308 308 308 308 308 308 308 308 308 308 308 308 308 308 308 308 308 308 308 308 308 308 308 308 308 308 308 308 308 308 308 308 308 308 308 308 308 308 308 308 308 308 308 308 308 308 308 308 308 308 308 308 309 305 305 307 308 308 308 308 308 308 308 308 308 308 308 308 308 308 308 308 308 308 308 308 308 308 308 308 308 308 308 308 308 308 308 308 308 308 308 308 308 308 308 308 308 308 308 308 
308 308 308 308 308 308 308 308 308 308 308 308 308 308 308 308 308 308 308 308 308 308 308 308 308 308 308 308 308 308 308 308 308 308 308 308 308 308 308 308 308 308 308 308 308 308 308 308 308 308 308 308 309 305 305 307 308 308 308 308 308 308 308 308 308 308 308 308 308 308 308 308 308 308 308 308 308 308 308 308 308 308 308 308 308 308 308 308 308 308 308 308 308 308 308 308 308 308 308 308 
308 308 308 308 308 308 308 308 308 308 308 308 308 308 308 308 308 308 308 308 308 308 308 308 308 308 308 308 308 308 308 308 308 308 308 308 308 308 308 308 308 308 308 308 308 308 308 308 241 338 338 338 339 305 305 337 338 338 338 242 308 308 308 308 308 308 308 308 308 308 308 308 308 308 308 308 308 308 308 308 308 308 308 308 308 308 308 308 308 308 308 308 308 308 308 308 308 308 308 308 
308 308 308 308 308 308 308 308 308 308 308 308 308 308 308 308 308 308 308 308 308 308 308 308 308 308 308 308 308 308 308 308 308 308 308 308 308 308 308 308 308 308 308 308 308 308 308 308 309 172 173 173 174 305 305 172 173 173 174 307 308 308 308 308 308 308 308 308 308 308 308 308 308 308 308 308 308 308 308 308 308 308 308 308 308 308 308 308 308 308 308 308 308 308 308 308 308 308 308 308 
308 308 308 308 308 308 308 308 308 308 308 308 308 308 308 308 308 308 308 308 308 308 308 308 308 308 308 308 308 308 308 308 308 308 308 308 308 308 308 308 308 308 308 308 308 308 308 308 309 202 203 203 204 305 305 202 203 203 204 307 308 308 308 308 308 308 308 308 308 308 308 308 308 308 308 308 308 308 308 308 308 308 308 308 308 308 308 308 308 308 308 308 308 308 308 308 308 308 308 308 
308 308 308 308 308 308 308 308 308 308 308 308 308 308 308 308 308 308 308 308 308 308 308 308 308 308 308 308 308 308 308 308 308 308 308 308 308 308 308 308 308 308 308 308 308 308 308 308 309 305 305 305 305 305 305 305 305 305 305 307 308 308 308 308 308 308 308 308 308 308 308 308 308 308 308 308 308 308 308 308 308 308 308 308 308 308 308 308 308 308 308 308 308 308 308 308 308 308 308 308 
308 308 308 308 308 308 308 308 308 308 308 308 308 308 308 308 308 308 308 308 308 308 308 308 308 308 308 308 308 308 308 308 308 308 308 308 308 308 308 308 308 308 308 308 308 308 308 308 309 305 305 305 305 277 279 305 305 305 305 307 308 308 308 308 308 308 308 308 308 308 308 308 308 308 308 308 308 308 308 308 308 308 308 308 308 308 308 308 308 308 308 308 308 308 308 308 308 308 308 308 
308 308 308 308 308 308 308 308 308 308 308 308 308 308 308 308 308 308 308 308 308 308 308 308 308 308 308 308 308 308 308 308 308 308 308 308 308 308 308 308 308 308 308 308 308 308 308 308 309 305 305 305 305 307 309 305 305 305 305 307 308 308 308 308 308 308 308 308 308 308 308 308 308 308 308 308 308 308 308 308 308 308 308 308 308 308 308 308 308 308 308 308 308 308 308 308 308 308 308 308 
308 308 308 308 308 308 308 308 308 308 308 308 308 308 308 308 308 308 308 308 308 308 308 308 308 308 308 308 308 308 308 308 308 308 308 308 308 308 308 308 308 308 308 308 308 308 308 308 309 305 305 305 305 307 309 305 305 305 305 307 308 308 308 308 308 308 308 308 308 308 308 308 308 308 308 308 308 308 308 308 308 308 308 308 308 308 308 308 308 308 308 308 308 308 308 308 308 308 308 308 
308 308 308 308 308 308 308 308 308 308 308 308 308 308 308 308 308 308 308 308 308 308 308 308 308 308 308 308 308 308 308 308 308 308 308 308 308 308 308 308 308 308 308 308 308 308 308 308 309 305 305 305 305 307 309 305 305 305 305 307 308 308 308 308 308 308 308 308 308 308 308 308 308 308 308 308 308 308 308 308 308 308 308 308 308 308 308 308 308 308 308 308 308 308 308 308 308 308 308 308 
308 308 308 308 308 308 308 308 308 308 308 308 308 308 308 308 308 308 308 308 308 308 308 308 308 308 308 308 308 308 308 308 308 308 308 308 308 308 308 308 308 308 308 308 308 308 308 308 271 278 278 278 278 272 271 278 278 278 278 272 308 308 308 308 308 308 308 308 308 308 308 308 308 308 308 308 308 308 308 308 308 308 308 308 308 308 308 308 308 308 308 308 308 308 308 308 308 308 308 308 
308 308 308 308 308 308 308 308 308 308 308 308 308 308 308 308 308 308 308 308 308 308 308 308 308 308 308 308 308 308 308 308 308 308 308 308 308 308 308 308 308 308 308 308 308 308 308 308 308 308 308 308 308 308 308 308 308 308 308 308 308 308 308 308 308 308 308 308 308 308 308 308 308 308 308 308 308 308 308 308 308 308 308 308 308 308 308 308 308 308 308 308 308 308 308 308 308 308 308 308 
308 308 308 308 308 308 308 308 308 308 308 308 308 308 308 308 308 308 308 308 308 308 308 308 308 308 308 308 308 308 308 308 308 308 308 308 308 308 308 308 308 308 308 308 308 308 308 308 308 308 308 308 308 308 308 308 308 308 308 308 308 308 308 308 308 308 308 308 308 308 308 308 308 308 308 308 308 308 308 308 308 308 308 308 308 308 308 308 308 308 308 308 308 308 308 308 308 308 308 308 
308 308 308 308 308 308 308 308 308 308 308 308 308 308 308 308 308 308 308 308 308 308 308 308 308 308 308 308 308 308 308 308 308 308 308 308 308 308 308 308 308 308 308 308 308 308 308 308 308 308 308 308 308 308 308 308 308 308 308 308 308 308 308 308 308 308 308 308 308 308 308 308 308 308 308 308 308 308 308 308 308 308 308 308 308 308 308 308 308 308 308 308 308 308 308 308 308 308 308 308 
308 308 308 308 308 308 308 308 308 308 308 308 308 308 308 308 308 308 308 308 308 308 308 308 308 308 308 308 308 308 308 308 308 308 308 308 308 308 308 308 308 308 308 308 308 308 308 308 308 308 308 308 308 308 308 308 308 308 308 308 308 308 308 308 308 308 308 308 308 308 308 308 308 308 308 308 308 308 308 308 308 308 308 308 308 308 308 308 308 308 308 308 308 308 308 308 308 308 308 308 
308 308 308 308 308 308 308 308 308 308 308 308 308 308 308 308 308 308 308 308 308 308 308 308 308 308 308 308 308 308 308 308 308 308 308 308 308 308 308 308 308 308 308 308 308 308 308 308 308 308 308 308 308 308 308 308 308 308 308 308 308 308 308 308 308 308 308 308 308 308 308 308 308 308 308 308 308 308 308 308 308 308 308 308 308 308 308 308 308 308 308 308 308 308 308 308 308 308 308 308 
308 308 308 308 308 308 308 308 308 308 308 308 308 308 308 308 308 308 308 308 308 308 308 308 308 308 308 308 308 308 308 308 308 308 308 308 308 308 308 308 308 308 308 308 308 308 308 308 308 308 308 308 308 308 308 308 308 308 308 308 308 308 308 308 308 308 308 308 308 308 308 308 308 308 308 308 308 308 308 308 308 308 308 308 308 308 308 308 308 308 308 308 308 308 308 308 308 308 308 308 
308 308 308 308 308 308 308 308 308 308 308 308 308 308 308 308 308 308 308 308 308 308 308 308 308 308 308 308 308 308 308 308 308 308 308 308 308 308 308 308 308 308 308 308 308 308 308 308 308 308 308 308 308 308 308 308 308 308 308 308 308 308 308 308 308 308 308 308 308 308 308 308 308 308 308 308 308 308 308 308 308 308 308 308 308 308 308 308 308 308 308 308 308 308 308 308 308 308 308 308 
308 308 308 308 308 308 308 308 308 308 308 308 308 308 308 308 308 308 308 308 308 308 308 308 308 308 308 308 308 308 308 308 308 308 308 308 308 308 308 308 308 308 308 308 308 308 308 308 308 308 308 308 308 308 308 308 308 308 308 308 308 308 308 308 308 308 308 308 308 308 308 308 308 308 308 308 308 308 308 308 308 308 308 308 308 308 308 308 308 308 308 308 308 308 308 308 308 308 308 308 
308 308 308 308 308 308 308 308 308 308 308 308 308 308 308 308 308 308 308 308 308 308 308 308 308 308 308 308 308 308 308 308 308 308 308 308 308 308 308 308 308 308 308 308 308 308 308 308 308 308 308 308 308 308 308 308 308 308 308 308 308 308 308 308 308 308 308 308 308 308 308 308 308 308 308 308 308 308 308 308 308 308 308 308 308 308 308 308 308 308 308 308 308 308 308 308 308 308 308 308 
308 308 308 308 308 308 308 308 308 308 308 308 308 308 308 308 308 308 308 308 308 308 308 308 308 308 308 308 308 308 308 308 308 308 308 308 308 308 308 308 308 308 308 308 308 308 308 308 308 308 308 308 308 308 308 308 308 308 308 308 308 308 308 308 308 308 308 308 308 308 308 308 308 308 308 308 308 308 308 308 308 308 308 308 308 308 308 308 308 308 308 308 308 308 308 308 308 308 308 308 
308 308 308 308 308 308 308 308 308 308 308 308 308 308 308 308 308 308 308 308 308 308 308 308 308 308 308 308 308 308 308 308 308 308 308 308 308 308 308 308 308 308 308 308 308 308 308 308 308 308 308 308 308 308 308 308 308 308 308 308 308 308 308 308 308 308 308 308 308 308 308 308 308 308 308 308 308 308 308 308 308 308 308 308 308 308 308 308 308 308 308 308 308 308 308 308 308 308 308 308 
308 308 308 308 308 308 308 308 308 308 308 308 308 308 308 308 308 308 308 308 308 308 308 308 308 308 308 308 308 308 308 308 308 308 308 308 308 308 308 308 308 308 308 308 308 308 308 308 308 308 308 308 308 308 308 308 308 308 308 308 308 308 308 308 308 308 308 308 308 308 308 308 308 308 308 308 308 308 308 308 308 308 308 308 308 308 308 308 308 308 308 308 308 308 308 308 308 308 308 308 
308 308 308 308 308 308 308 308 308 308 308 308 308 308 308 308 308 308 308 308 308 308 308 308 308 308 308 308 308 308 308 308 308 308 308 308 308 308 308 308 308 308 308 308 308 308 308 308 308 308 308 308 308 308 308 308 308 308 308 308 308 308 308 308 308 308 308 308 308 308 308 308 308 308 308 308 308 308 308 308 308 308 308 308 308 308 308 308 308 308 308 308 308 308 308 308 308 308 308 308 
308 308 308 308 308 308 308 308 308 308 308 308 308 308 308 308 308 308 308 308 308 308 308 308 308 308 308 308 308 308 308 308 308 308 308 308 308 308 308 308 308 308 308 308 308 308 308 308 308 308 308 308 308 308 308 308 308 308 308 308 308 308 308 308 308 308 308 308 308 308 308 308 308 308 308 308 308 308 308 308 308 308 308 308 308 308 308 308 308 308 308 308 308 308 308 308 308 308 308 308 
308 308 308 308 308 308 308 308 308 308 308 308 308 308 308 308 308 308 308 308 308 308 308 308 308 308 308 308 308 308 308 308 308 308 308 308 308 308 308 308 308 308 308 308 308 308 308 308 308 308 308 308 308 308 308 308 308 308 308 308 308 308 308 308 308 308 308 308 308 308 308 308 308 308 308 308 308 308 308 308 308 308 308 308 308 308 308 308 308 308 308 308 308 308 308 308 308 308 308 308 
308 308 308 308 308 308 308 308 308 308 308 308 308 308 308 308 308 308 308 308 308 308 308 308 308 308 308 308 308 308 308 308 308 308 308 308 308 308 308 308 308 308 308 308 308 308 308 308 308 308 308 308 308 308 308 308 308 308 308 308 308 308 308 308 308 308 308 308 308 308 308 308 308 308 308 308 308 308 308 308 308 308 308 308 308 308 308 308 308 308 308 308 308 308 308 308 308 308 308 308 
308 308 308 308 308 308 308 308 308 308 308 308 308 308 308 308 308 308 308 308 308 308 308 308 308 308 308 308 308 308 308 308 308 308 308 308 308 308 308 308 308 308 308 308 308 308 308 308 308 308 308 308 308 308 308 308 308 308 308 308 308 308 308 308 308 308 308 308 308 308 308 308 308 308 308 308 308 308 308 308 308 308 308 308 308 308 308 308 308 308 308 308 308 308 308 308 308 308 308 308 
308 308 308 308 308 308 308 308 308 308 308 308 308 308 308 308 308 308 308 308 308 308 308 308 308 308 308 308 308 308 308 308 308 308 308 308 308 308 308 308 308 308 308 308 308 308 308 308 308 308 308 308 308 308 308 308 308 308 308 308 308 308 308 308 308 308 308 308 308 308 308 308 308 308 308 308 308 308 308 308 308 308 308 308 308 308 308 308 308 308 308 308 308 308 308 308 308 308 308 308 
308 308 308 308 308 308 308 308 308 308 308 308 308 308 308 308 308 308 308 308 308 308 308 308 308 308 308 308 308 308 308 308 308 308 308 308 308 308 308 308 308 308 308 308 308 308 308 308 308 308 308 308 308 308 308 308 308 308 308 308 308 308 308 308 308 308 308 308 308 308 308 308 308 308 308 308 308 308 308 308 308 308 308 308 308 308 308 308 308 308 308 308 308 308 308 308 308 308 308 308 
308 308 308 308 308 308 308 308 308 308 308 308 308 308 308 308 308 308 308 308 308 308 308 308 308 308 308 308 308 308 308 308 308 308 308 308 308 308 308 308 308 308 308 308 308 308 308 308 308 308 308 308 308 308 308 308 308 308 308 308 308 308 308 308 308 308 308 308 308 308 308 308 308 308 308 308 308 308 308 308 308 308 308 308 308 308 308 308 308 308 308 308 308 308 308 308 308 308 308 308 
308 308 308 308 308 308 308 308 308 308 308 308 308 308 308 308 308 308 308 308 308 308 308 308 308 308 308 308 308 308 308 308 308 308 308 308 308 308 308 308 308 308 308 308 308 308 308 308 308 308 308 308 308 308 308 308 308 308 308 308 308 308 308 308 308 308 308 308 308 308 308 308 308 308 308 308 308 308 308 308 308 308 308 308 308 308 308 308 308 308 308 308 308 308 308 308 308 308 308 308 
308 308 308 308 308 308 308 308 308 308 308 308 308 308 308 308 308 308 308 308 308 308 308 308 308 308 308 308 308 308 308 308 308 308 308 308 308 308 308 308 308 308 308 308 308 308 308 308 308 308 308 308 308 308 308 308 308 308 308 308 308 308 308 308 308 308 308 308 308 308 308 308 308 308 308 308 308 308 308 308 308 308 308 308 308 308 308 308 308 308 308 308 308 308 308 308 308 308 308 308 
308 308 308 308 308 308 308 308 308 308 308 308 308 308 308 308 308 308 308 308 308 308 308 308 308 308 308 308 308 308 308 308 308 308 308 308 308 308 308 308 308 308 308 308 308 308 308 308 308 308 308 308 308 308 308 308 308 308 308 308 308 308 308 308 308 308 308 308 308 308 308 308 308 308 308 308 308 308 308 308 308 308 308 308 308 308 308 308 308 308 308 308 308 308 308 308 308 308 308 308 
308 308 308 308 308 308 308 308 308 308 308 308 308 308 308 308 308 308 308 308 308 308 308 308 308 308 308 308 308 308 308 308 308 308 308 308 308 308 308 308 308 308 308 308 308 308 308 308 308 308 308 308 308 308 308 308 308 308 308 308 308 308 308 308 308 308 308 308 308 308 308 308 308 308 308 308 308 308 308 308 308 308 308 308 308 308 308 308 308 308 308 308 308 308 308 308 308 308 308 308 
308 308 308 308 308 308 308 308 308 308 308 308 308 308 308 308 308 308 308 308 308 308 308 308 308 308 308 308 308 308 308 308 308 308 308 308 308 308 308 308 308 308 308 308 308 308 308 308 308 308 308 308 308 308 308 308 308 308 308 308 308 308 308 308 308 308 308 308 308 308 308 308 308 308 308 308 308 308 308 308 308 308 308 308 308 308 308 308 308 308 308 308 308 308 308 308 308 308 308 308 
308 308 308 308 308 308 308 308 308 308 308 308 308 308 308 308 308 308 308 308 308 308 308 308 308 308 308 308 308 308 308 308 308 308 308 308 308 308 308 308 308 308 308 308 308 308 308 308 308 308 308 308 308 308 308 308 308 308 308 308 308 308 308 308 308 308 308 308 308 308 308 308 308 308 308 308 308 308 308 308 308 308 308 308 308 308 308 308 308 308 308 308 308 308 308 308 308 308 308 308 
308 308 308 308 308 308 308 308 308 308 308 308 308 308 308 308 308 308 308 308 308 308 308 308 308 308 308 308 308 308 308 308 308 308 308 308 308 308 308 308 308 308 308 308 308 308 308 308 308 308 308 308 308 308 308 308 308 308 308 308 308 308 308 308 308 308 308 308 308 308 308 308 308 308 308 308 308 308 308 308 308 308 308 308 308 308 308 308 308 308 308 308 308 308 308 308 308 308 308 308 
308 308 308 308 308 308 308 308 308 308 308 308 308 308 308 308 308 308 308 308 308 308 308 308 308 308 308 308 308 308 308 308 308 308 308 308 308 308 308 308 308 308 308 308 308 308 308 308 308 308 308 308 308 308 308 308 308 308 308 308 308 308 308 308 308 308 308 308 308 308 308 308 308 308 308 308 308 308 308 308 308 308 308 308 308 308 308 308 308 308 308 308 308 308 308 308 308 308 308 308 
308 308 308 308 308 308 308 308 308 308 308 308 308 308 308 308 308 308 308 308 308 308 308 308 308 308 308 308 308 308 308 308 308 308 308 308 308 308 308 308 308 308 308 308 308 308 308 308 308 308 308 308 308 308 308 308 308 308 308 308 308 308 308 308 308 308 308 308 308 308 308 308 308 308 308 308 308 308 308 308 308 308 308 308 308 308 308 308 308 308 308 308 308 308 308 308 308 308 308 308 
308 308 308 308 308 308 308 308 308 308 308 308 308 308 308 308 308 308 308 308 308 308 308 308 308 308 308 308 308 308 308 308 308 308 308 308 308 308 308 308 308 308 308 308 308 308 308 308 308 308 308 308 308 308 308 308 308 308 308 308 308 308 308 308 308 308 308 308 308 308 308 308 308 308 308 308 308 308 308 308 308 308 308 308 308 308 308 308 308 308 308 308 308 308 308 308 308 308 308 308 
308 308 308 308 308 308 308 308 308 308 308 308 308 308 308 308 308 308 308 308 308 308 308 308 308 308 308 308 308 308 308 308 308 308 308 308 308 308 308 308 308 308 308 308 308 308 308 308 308 308 308 308 308 308 308 308 308 308 308 308 308 308 308 308 308 308 308 308 308 308 308 308 308 308 308 308 308 308 308 308 308 308 308 308 308 308 308 308 308 308 308 308 308 308 308 308 308 308 308 308 
308 308 308 308 308 308 308 308 308 308 308 308 308 308 308 308 308 308 308 308 308 308 308 308 308 308 308 308 308 308 308 308 308 308 308 308 308 308 308 308 308 308 308 308 308 308 308 308 308 308 308 308 308 308 308 308 308 308 308 308 308 308 308 308 308 308 308 308 308 308 308 308 308 308 308 308 308 308 308 308 308 308 308 308 308 308 308 308 308 308 308 308 308 308 308 308 308 308 308 308 
308 308 308 308 308 308 308 308 308 308 308 308 308 308 308 308 308 308 308 308 308 308 308 308 308 308 308 308 308 308 308 308 308 308 308 308 308 308 308 308 308 308 308 308 308 308 308 308 308 308 308 308 308 308 308 308 308 308 308 308 308 308 308 308 308 308 308 308 308 308 308 308 308 308 308 308 308 308 308 308 308 308 308 308 308 308 308 308 308 308 308 308 308 308 308 308 308 308 308 308 
308 308 308 308 308 308 308 308 308 308 308 308 308 308 308 308 308 308 308 308 308 308 308 308 308 308 308 308 308 308 308 308 308 308 308 308 308 308 308 308 308 308 308 308 308 308 308 308 308 308 308 308 308 308 308 308 308 308 308 308 308 308 308 308 308 308 308 308 308 308 308 308 308 308 308 308 308 308 308 308 308 308 308 308 308 308 308 308 308 308 308 308 308 308 308 308 308 308 308 308 
308 308 308 308 308 308 308 308 308 308 308 308 308 308 308 308 308 308 308 308 308 308 308 308 308 308 308 308 308 308 308 308 308 308 308 308 308 308 308 308 308 308 308 308 308 308 308 308 308 308 308 308 308 308 308 308 308 308 308 308 308 308 308 308 308 308 308 308 308 308 308 308 308 308 308 308 308 308 308 308 308 308 308 308 308 308 308 308 308 308 308 308 308 308 308 308 308 308 308 308 
308 308 308 308 308 308 308 308 308 308 308 308 308 308 308 308 308 308 308 308 308 308 308 308 308 308 308 308 308 308 308 308 308 308 308 308 308 308 308 308 308 308 308 308 308 308 308 308 308 308 308 308 308 308 308 308 308 308 308 308 308 308 308 308 308 308 308 308 308 308 308 308 308 308 308 308 308 308 308 308 308 308 308 308 308 308 308 308 308 308 308 308 308 308 308 308 308 308 308 308 
308 308 308 308 308 308 308 308 308 308 308 308 308 308 308 308 308 308 308 308 308 308 308 308 308 308 308 308 308 308 308 308 308 308 308 308 308 308 308 308 308 308 308 308 308 308 308 308 308 308 308 308 308 308 308 308 308 308 308 308 308 308 308 308 308 308 308 308 308 308 308 308 308 308 308 308 308 308 308 308 308 308 308 308 308 308 308 308 308 308 308 308 308 308 308 308 308 308 308 308 
308 308 308 308 308 308 308 308 308 308 308 308 308 308 308 308 308 308 308 308 308 308 308 308 308 308 308 308 308 308 308 308 308 308 308 308 308 308 308 308 308 308 308 308 308 308 308 308 308 308 308 308 308 308 308 308 308 308 308 308 308 308 308 308 308 308 308 308 308 308 308 308 308 308 308 308 308 308 308 308 308 308 308 308 308 308 308 308 308 308 308 308 308 308 308 308 308 308 308 308 
308 308 308 308 308 308 308 308 308 308 308 308 308 308 308 308 308 308 308 308 308 308 308 308 308 308 308 308 308 308 308 308 308 308 308 308 308 308 308 308 308 308 308 308 308 308 308 308 308 308 308 308 308 308 308 308 308 308 308 308 308 308 308 308 308 308 308 308 308 308 308 308 308 308 308 308 308 308 308 308 308 308 308 308 308 308 308 308 308 308 308 308 308 308 308 308 308 308 308 308 
308 308 308 308 308 308 308 308 308 308 308 308 308 308 308 308 308 308 308 308 308 308 308 308 308 308 308 308 308 308 308 308 308 308 308 308 308 308 308 308 308 308 308 308 308 308 308 308 308 308 308 308 308 308 308 308 308 308 308 308 308 308 308 308 308 308 308 308 308 308 308 308 308 308 308 308 308 308 308 308 308 308 308 308 308 308 308 308 308 308 308 308 308 308 308 308 308 308 308 308 
308 308 308 308 308 308 308 308 308 308 308 308 308 308 308 308 308 308 308 308 308 308 308 308 308 308 308 308 308 308 308 308 308 308 308 308 308 308 308 308 308 308 308 308 308 308 308 308 308 308 308 308 308 308 308 308 308 308 308 308 308 308 308 308 308 308 308 308 308 308 308 308 308 308 308 308 308 308 308 308 308 308 308 308 308 308 308 308 308 308 308 308 308 308 308 308 308 308 308 308 
308 308 308 308 308 308 308 308 308 308 308 308 308 308 308 308 308 308 308 308 308 308 308 308 308 308 308 308 308 308 308 308 308 308 308 308 308 308 308 308 308 308 308 308 308 308 308 308 308 308 308 308 308 308 308 308 308 308 308 308 308 308 308 308 308 308 308 308 308 308 308 308 308 308 308 308 308 308 308 308 308 308 308 308 308 308 308 308 308 308 308 308 308 308 308 308 308 308 308 308 
308 308 308 308 308 308 308 308 308 308 308 308 308 308 308 308 308 308 308 308 308 308 308 308 308 308 308 308 308 308 308 308 308 308 308 308 308 308 308 308 308 308 308 308 308 308 308 308 308 308 308 308 308 308 308 308 308 308 308 308 308 308 308 308 308 308 308 308 308 308 308 308 308 308 308 308 308 308 308 308 308 308 308 308 308 308 308 308 308 308 308 308 308 308 308 308 308 308 308 308 
308 308 308 308 308 308 308 308 308 308 308 308 308 308 308 308 308 308 308 308 308 308 308 308 308 308 308 308 308 308 308 308 308 308 308 308 308 308 308 308 308 308 308 308 308 308 308 308 308 308 308 308 308 308 308 308 308 308 308 308 308 308 308 308 308 308 308 308 308 308 308 308 308 308 308 308 308 308 308 308 308 308 308 308 308 308 308 308 308 308 308 308 308 308 308 308 308 308 308 308 
308 308 308 308 308 308 308 308 308 308 308 308 308 308 308 308 308 308 308 308 308 308 308 308 308 308 308 308 308 308 308 308 308 308 308 308 308 308 308 308 308 308 308 308 308 308 308 308 308 308 308 308 308 308 308 308 308 308 308 308 308 308 308 308 308 308 308 308 308 308 308 308 308 308 308 308 308 308 308 308 308 308 308 308 308 308 308 308 308 308 308 308 308 308 308 308 308 308 308 308 
308 308 308 308 308 308 308 308 308 308 308 308 308 308 308 308 308 308 308 308 308 308 308 308 308 308 308 308 308 308 308 308 308 308 308 308 308 308 308 308 308 308 308 308 308 308 308 308 308 308 308 308 308 308 308 308 308 308 308 308 308 308 308 308 308 308 308 308 308 308 308 308 308 308 308 308 308 308 308 308 308 308 308 308 308 308 308 308 308 308 308 308 308 308 308 308 308 308 308 308 
308 308 308 308 308 308 308 308 308 308 308 308 308 308 308 308 308 308 308 308 308 308 308 308 308 308 308 308 308 308 308 308 308 308 308 308 308 308 308 308 308 308 308 308 308 308 308 308 308 308 308 308 308 308 308 308 308 308 308 308 308 308 308 308 308 308 308 308 308 308 308 308 308 308 308 308 308 308 308 308 308 308 308 308 308 308 308 308 308 308 308 308 308 308 308 308 308 308 308 308 
308 308 308 308 308 308 308 308 308 308 308 308 308 308 308 308 308 308 308 308 308 308 308 308 308 308 308 308 308 308 308 308 308 308 308 308 308 308 308 308 308 308 308 308 308 308 308 308 308 308 308 308 308 308 308 308 308 308 308 308 308 308 308 308 308 308 308 308 308 308 308 308 308 308 308 308 308 308 308 308 308 308 308 308 308 308 308 308 308 308 308 308 308 308 308 308 308 308 308 308 
308 308 308 308 308 308 308 308 308 308 308 308 308 308 308 308 308 308 308 308 308 308 308 308 308 308 308 308 308 308 308 308 308 308 308 308 308 308 308 308 308 308 308 308 308 308 308 308 308 308 308 308 308 308 308 308 308 308 308 308 308 308 308 308 308 308 308 308 308 308 308 308 308 308 308 308 308 308 308 308 308 308 308 308 308 308 308 308 308 308 308 308 308 308 308 308 308 308 308 308 
308 308 308 308 308 308 308 308 308 308 308 308 308 308 308 308 308 308 308 308 308 308 308 308 308 308 308 308 308 308 308 308 308 308 308 308 308 308 308 308 308 308 308 308 308 308 308 308 308 308 308 308 308 308 308 308 308 308 308 308 308 308 308 308 308 308 308 308 308 308 308 308 308 308 308 308 308 308 308 308 308 308 308 308 308 308 308 308 308 308 308 308 308 308 308 308 308 308 308 308 
308 308 308 308 308 308 308 308 308 308 308 308 308 308 308 308 308 308 308 308 308 308 308 308 308 308 308 308 308 308 308 308 308 308 308 308 308 308 308 308 308 308 308 308 308 308 308 308 308 308 308 308 308 308 308 308 308 308 308 308 308 308 308 308 308 308 308 308 308 308 308 308 308 308 308 308 308 308 308 308 308 308 308 308 308 308 308 308 308 308 308 308 308 308 308 308 308 308 308 308 
308 308 308 308 308 308 308 308 308 308 308 308 308 308 308 308 308 308 308 308 308 308 308 308 308 308 308 308 308 308 308 308 308 308 308 308 308 308 308 308 308 308 308 308 308 308 308 308 308 308 308 308 308 308 308 308 308 308 308 308 308 308 308 308 308 308 308 308 308 308 308 308 308 308 308 308 308 308 308 308 308 308 308 308 308 308 308 308 308 308 308 308 308 308 308 308 308 308 308 308 
308 308 308 308 308 308 308 308 308 308 308 308 308 308 308 308 308 308 308 308 308 308 308 308 308 308 308 308 308 308 308 308 308 308 308 308 308 308 308 308 308 308 308 308 308 308 308 308 308 308 308 308 308 308 308 308 308 308 308 308 308 308 308 308 308 308 308 308 308 308 308 308 308 308 308 308 308 308 308 308 308 308 308 308 308 308 308 308 308 308 308 308 308 308 308 308 308 308 308 308 
308 308 308 308 308 308 308 308 308 308 308 308 308 308 308 308 308 308 308 308 308 308 308 308 308 308 308 308 308 308 308 308 308 308 308 308 308 308 308 308 308 308 308 308 308 308 308 308 308 308 308 308 308 308 308 308 308 308 308 308 308 308 308 308 308 308 308 308 308 308 308 308 308 308 308 308 308 308 308 308 308 308 308 308 308 308 308 308 308 308 308 308 308 308 308 308 308 308 308 308 
308 308 308 308 308 308 308 308 308 308 308 308 308 308 308 308 308 308 308 308 308 308 308 308 308 308 308 308 308 308 308 308 308 308 308 308 308 308 308 308 308 308 308 308 308 308 308 308 308 308 308 308 308 308 308 308 308 308 308 308 308 308 308 308 308 308 308 308 308 308 308 308 308 308 308 308 308 308 308 308 308 308 308 308 308 308 308 308 308 308 308 308 308 308 308 308 308 308 308 308

